Tx:( 0) : [01] , [00], [00], [00], [00], [00], [00], [00]
Tx:( 0) : [02] , [00], [00], [00], [00], [00], [00], [00]
Tx:( 0) : [03] , [00], [00], [00], [00], [00], [00], [00]
Tx:( 0) : [01] , [00], [00], [00], [00], [00], [00], [00]
Tx:( 0) : [02] , [00], [00], [00], [00], [00], [00], [00]
Tx:( 0) : [03] , [00], [00], [00], [00], [00], [00], [00]
Tx:( 0) : [01] , [00], [00], [00], [00], [00], [00], [00]
Rx: [03],[00],[00],[01],[7e],[ff],[03],[0c]
Tx:( 0) : [02] , [00], [00], [00], [00], [00], [00], [00]
Tx:( 0) : [03] , [00], [00], [00], [00], [00], [00], [00]
Tx:( 0) : [01] , [00], [00], [00], [00], [00], [00], [00]
Rx: [03],[00],[00],[02],[7e],[ff],[03],[0d]
Tx:( 0) : [02] , [00], [00], [00], [00], [00], [00], [00]
Tx:( 0) : [03] , [00], [00], [00], [00], [00], [00], [00]
Tx:( 0) : [01] , [00], [00], [00], [00], [00], [00], [00]
Rx: [03],[00],[00],[03],[7e],[ff],[03],[0e]
Tx:( 0) : [02] , [00], [00], [00], [00], [00], [00], [00]
Tx:( 0) : [03] , [00], [00], [00], [00], [00], [00], [00]
Tx:( 0) : [01] , [00], [00], [00], [00], [00], [00], [00]
Rx: [03],[00],[00],[04],[7d],[ff],[04],[0f]
Tx:( 0) : [02] , [00], [00], [00], [00], [00], [00], [00]
Tx:( 0) : [03] , [00], [00], [00], [00], [00], [00], [00]
Tx:( 0) : [01] , [00], [00], [00], [00], [00], [00], [00]
Tx:( 0) : [02] , [00], [00], [00], [00], [00], [00], [00]
Tx:( 0) : [03] , [00], [00], [00], [00], [00], [00], [00]
Tx:( 0) : [01] , [00], [00], [00], [00], [00], [00], [00]
Rx: [03],[00],[00],[05],[7d],[fe],[04],[10]
Tx:( 0) : [02] , [00], [00], [00], [00], [00], [00], [00]
Tx:( 0) : [03] , [00], [00], [00], [00], [00], [00], [00]
Tx:( 0) : [01] , [00], [00], [00], [00], [00], [00], [00]
Rx: [03],[00],[00],[06],[7d],[fe],[04],[11]
Tx:( 0) : [02] , [00], [00], [00], [00], [00], [00], [00]
Tx:( 0) : [03] , [00], [00], [00], [00], [00], [00], [00]
Tx:( 0) : [01] , [00], [00], [00], [00], [00], [00], [00]
Rx: [03],[00],[00],[07],[7d],[fe],[04],[13]
Tx:( 0) : [02] , [00], [00], [00], [00], [00], [00], [00]
Tx:( 0) : [03] , [00], [00], [00], [00], [00], [00], [00]
Tx:( 0) : [01] , [00], [00], [00], [00], [00], [00], [00]
Rx: [03],[00],[00],[08],[7d],[fe],[05],[14]
Tx:( 0) : [02] , [00], [00], [00], [00], [00], [00], [00]
Tx:( 0) : [03] , [00], [00], [00], [00], [00], [00], [00]
Tx:( 0) : [01] , [00], [00], [00], [00], [00], [00], [00]
Tx:( 0) : [02] , [00], [00], [00], [00], [00], [00], [00]
Tx:( 0) : [03] , [00], [00], [00], [00], [00], [00], [00]
Tx:( 0) : [01] , [00], [00], [00], [00], [00], [00], [00]
Rx: [03],[00],[00],[09],[7d],[fe],[05],[15]
Tx:( 0) : [02] , [00], [00], [00], [00], [00], [00], [00]
Tx:( 0) : [03] , [00], [00], [00], [00], [00], [00], [00]
Tx:( 0) : [01] , [00], [00], [00], [00], [00], [00], [00]
Rx: [03],[00],[00],[0a],[7c],[fe],[05],[16]
Tx:( 0) : [02] , [00], [00], [00], [00], [00], [00], [00]
Tx:( 0) : [03] , [00], [00], [00], [00], [00], [00], [00]
Tx:( 0) : [01] , [00], [00], [00], [00], [00], [00], [00]
Rx: [03],[00],[00],[0b],[7c],[fe],[05],[17]
Tx:( 0) : [02] , [00], [00], [00], [00], [00], [00], [00]
Tx:( 0) : [03] , [00], [00], [00], [00], [00], [00], [00]
Tx:( 0) : [01] , [00], [00], [00], [00], [00], [00], [00]
Rx: [03],[00],[00],[0c],[7c],[fe],[05],[18]
Tx:( 0) : [02] , [00], [00], [00], [00], [00], [00], [00]
Tx:( 0) : [03] , [00], [00], [00], [00], [00], [00], [00]
Tx:( 0) : [01] , [00], [00], [00], [00], [00], [00], [00]
Tx:( 0) : [02] , [00], [00], [00], [00], [00], [00], [00]
Tx:( 0) : [03] , [00], [00], [00], [00], [00], [00], [00]
Tx:( 0) : [01] , [00], [00], [00], [00], [00], [00], [00]
Rx: [03],[00],[00],[0d],[7c],[fe],[05],[1a]
Tx:( 0) : [02] , [00], [00], [00], [00], [00], [00], [00]
Tx:( 0) : [03] , [00], [00], [00], [00], [00], [00], [00]
Tx:( 0) : [01] , [00], [00], [00], [00], [00], [00], [00]
Rx: [03],[00],[00],[0e],[7b],[fe],[05],[1b]
Tx:( 0) : [02] , [00], [00], [00], [00], [00], [00], [00]
Tx:( 0) : [03] , [00], [00], [00], [00], [00], [00], [00]
Tx:( 0) : [01] , [00], [00], [00], [00], [00], [00], [00]
Rx: [03],[00],[00],[0f],[7b],[fe],[05],[1c]
Tx:( 0) : [02] , [00], [00], [00], [00], [00], [00], [00]
Tx:( 0) : [03] , [00], [00], [00], [00], [00], [00], [00]
Tx:( 0) : [01] , [00], [00], [00], [00], [00], [00], [00]
Rx: [03],[00],[00],[10],[7b],[fe],[05],[1d]
Tx:( 0) : [02] , [00], [00], [00], [00], [00], [00], [00]
Tx:( 0) : [03] , [00], [00], [00], [00], [00], [00], [00]
Tx:( 0) : [01] , [00], [00], [00], [00], [00], [00], [00]
Tx:( 0) : [02] , [00], [00], [00], [00], [00], [00], [00]
Tx:( 0) : [03] , [00], [00], [00], [00], [00], [00], [00]
Tx:( 0) : [01] , [00], [00], [00], [00], [00], [00], [00]
Rx: [03],[00],[00],[11],[7b],[fe],[05],[1e]
Tx:( 0) : [02] , [00], [00], [00], [00], [00], [00], [00]
Tx:( 0) : [03] , [00], [00], [00], [00], [00], [00], [00]
Tx:( 0) : [01] , [00], [00], [00], [00], [00], [00], [00]
Rx: [03],[00],[00],[12],[7a],[fd],[05],[1f]
Tx:( 0) : [02] , [00], [00], [00], [00], [00], [00], [00]
Tx:( 0) : [03] , [00], [00], [00], [00], [00], [00], [00]
Tx:( 0) : [01] , [00], [00], [00], [00], [00], [00], [00]
Rx: [03],[00],[00],[13],[7a],[fd],[05],[20]
Tx:( 0) : [02] , [00], [00], [00], [00], [00], [00], [00]
Tx:( 0) : [03] , [00], [00], [00], [00], [00], [00], [00]
Tx:( 0) : [01] , [00], [00], [00], [00], [00], [00], [00]
Rx: [03],[00],[00],[14],[7a],[fd],[05],[21]
Tx:( 0) : [02] , [00], [00], [00], [00], [00], [00], [00]
Tx:( 0) : [03] , [00], [00], [00], [00], [00], [00], [00]
Tx:( 0) : [01] , [00], [00], [00], [00], [00], [00], [00]
Tx:( 0) : [02] , [00], [00], [00], [00], [00], [00], [00]
Tx:( 0) : [03] , [00], [00], [00], [00], [00], [00], [00]
Tx:( 0) : [01] , [00], [00], [00], [00], [00], [00], [00]
Rx: [03],[00],[00],[15],[79],[fd],[05],[22]
Tx:( 0) : [02] , [00], [00], [00], [00], [00], [00], [00]
Tx:( 0) : [03] , [00], [00], [00], [00], [00], [00], [00]
Tx:( 0) : [01] , [00], [00], [00], [00], [00], [00], [00]
Rx: [03],[00],[00],[16],[79],[fd],[05],[23]
Tx:( 0) : [02] , [00], [00], [00], [00], [00], [00], [00]
Tx:( 0) : [03] , [00], [00], [00], [00], [00], [00], [00]
Tx:( 0) : [01] , [00], [00], [00], [00], [00], [00], [00]
Rx: [03],[00],[00],[17],[79],[fd],[05],[24]
Tx:( 0) : [02] , [00], [00], [00], [00], [00], [00], [00]
Tx:( 0) : [03] , [00], [00], [00], [00], [00], [00], [00]
Tx:( 0) : [01] , [00], [00], [00], [00], [00], [00], [00]
Rx: [03],[00],[00],[18],[78],[fd],[06],[26]
Tx:( 0) : [02] , [00], [00], [00], [00], [00], [00], [00]
Tx:( 0) : [03] , [00], [00], [00], [00], [00], [00], [00]
Tx:( 0) : [01] , [00], [00], [00], [00], [00], [00], [00]
Tx:( 0) : [02] , [00], [00], [00], [00], [00], [00], [00]
Tx:( 0) : [03] , [00], [00], [00], [00], [00], [00], [00]
Tx:( 0) : [01] , [00], [00], [00], [00], [00], [00], [00]
Rx: [03],[00],[00],[19],[78],[fd],[05],[26]
Tx:( 0) : [02] , [00], [00], [00], [00], [00], [00], [00]
Tx:( 0) : [03] , [00], [00], [00], [00], [00], [00], [00]
Tx:( 0) : [01] , [00], [00], [00], [00], [00], [00], [00]
Rx: [03],[00],[00],[1a],[78],[fd],[06],[27]
Tx:( 0) : [02] , [00], [00], [00], [00], [00], [00], [00]
Tx:( 0) : [03] , [00], [00], [00], [00], [00], [00], [00]
Tx:( 0) : [01] , [00], [00], [00], [00], [00], [00], [00]
Rx: [03],[00],[00],[1b],[77],[fd],[06],[29]
Tx:( 0) : [02] , [00], [00], [00], [00], [00], [00], [00]
Tx:( 0) : [03] , [00], [00], [00], [00], [00], [00], [00]
Tx:( 0) : [01] , [00], [00], [00], [00], [00], [00], [00]
Rx: [03],[00],[00],[1c],[77],[fd],[06],[29]
Tx:( 0) : [02] , [00], [00], [00], [00], [00], [00], [00]
Tx:( 0) : [03] , [00], [00], [00], [00], [00], [00], [00]
Tx:( 0) : [01] , [00], [00], [00], [00], [00], [00], [00]
Tx:( 0) : [02] , [00], [00], [00], [00], [00], [00], [00]
Tx:( 0) : [03] , [00], [00], [00], [00], [00], [00], [00]
Tx:( 0) : [01] , [00], [00], [00], [00], [00], [00], [00]
Rx: [03],[00],[00],[1d],[77],[fd],[06],[2b]
Tx:( 0) : [02] , [00], [00], [00], [00], [00], [00], [00]
Tx:( 0) : [03] , [00], [00], [00], [00], [00], [00], [00]
Tx:( 0) : [01] , [00], [00], [00], [00], [00], [00], [00]
Rx: [03],[00],[00],[1e],[76],[fd],[06],[2b]
Tx:( 0) : [02] , [00], [00], [00], [00], [00], [00], [00]
Tx:( 0) : [03] , [00], [00], [00], [00], [00], [00], [00]
Tx:( 0) : [01] , [00], [00], [00], [00], [00], [00], [00]
Rx: [03],[00],[00],[1f],[76],[fd],[06],[2c]
Tx:( 0) : [02] , [00], [00], [00], [00], [00], [00], [00]
Tx:( 0) : [03] , [00], [00], [00], [00], [00], [00], [00]
Tx:( 0) : [01] , [00], [00], [00], [00], [00], [00], [00]
Rx: [03],[00],[00],[20],[76],[fd],[06],[2d]
Tx:( 0) : [02] , [00], [00], [00], [00], [00], [00], [00]
Tx:( 0) : [03] , [00], [00], [00], [00], [00], [00], [00]
Tx:( 0) : [01] , [00], [00], [00], [00], [00], [00], [00]
Tx:( 0) : [02] , [00], [00], [00], [00], [00], [00], [00]
Tx:( 0) : [03] , [00], [00], [00], [00], [00], [00], [00]
Tx:( 0) : [01] , [00], [00], [00], [00], [00], [00], [00]
Rx: [03],[00],[00],[21],[75],[fd],[06],[2e]
Tx:( 0) : [02] , [00], [00], [00], [00], [00], [00], [00]
Tx:( 0) : [03] , [00], [00], [00], [00], [00], [00], [00]
Tx:( 0) : [01] , [00], [00], [00], [00], [00], [00], [00]
Rx: [03],[00],[00],[22],[75],[fd],[06],[2f]
Tx:( 0) : [02] , [00], [00], [00], [00], [00], [00], [00]
Tx:( 0) : [03] , [00], [00], [00], [00], [00], [00], [00]
Tx:( 0) : [01] , [00], [00], [00], [00], [00], [00], [00]
Rx: [03],[00],[00],[23],[75],[fd],[06],[30]
Tx:( 0) : [02] , [00], [00], [00], [00], [00], [00], [00]
Tx:( 0) : [03] , [00], [00], [00], [00], [00], [00], [00]
Tx:( 0) : [01] , [00], [00], [00], [00], [00], [00], [00]
Rx: [03],[00],[00],[24],[74],[fd],[06],[31]
Tx:( 0) : [02] , [00], [00], [00], [00], [00], [00], [00]
Tx:( 0) : [03] , [00], [00], [00], [00], [00], [00], [00]
Tx:( 0) : [01] , [00], [00], [00], [00], [00], [00], [00]
Tx:( 0) : [02] , [00], [00], [00], [00], [00], [00], [00]
Tx:( 0) : [03] , [00], [00], [00], [00], [00], [00], [00]
Tx:( 0) : [01] , [00], [00], [00], [00], [00], [00], [00]
Rx: [03],[00],[00],[25],[74],[fd],[06],[32]
Tx:( 0) : [02] , [00], [00], [00], [00], [00], [00], [00]
Tx:( 0) : [03] , [00], [00], [00], [00], [00], [00], [00]
Tx:( 0) : [01] , [00], [00], [00], [00], [00], [00], [00]
Rx: [03],[00],[00],[26],[73],[fd],[06],[33]
Tx:( 0) : [02] , [00], [00], [00], [00], [00], [00], [00]
Tx:( 0) : [03] , [00], [00], [00], [00], [00], [00], [00]
Tx:( 0) : [01] , [00], [00], [00], [00], [00], [00], [00]
Rx: [03],[00],[00],[27],[73],[fd],[06],[34]
Tx:( 0) : [02] , [00], [00], [00], [00], [00], [00], [00]
Tx:( 0) : [03] , [00], [00], [00], [00], [00], [00], [00]
Tx:( 0) : [01] , [00], [00], [00], [00], [00], [00], [00]
Rx: [03],[00],[00],[28],[73],[fd],[06],[34]
Tx:( 0) : [02] , [00], [00], [00], [00], [00], [00], [00]
Tx:( 0) : [03] , [00], [00], [00], [00], [00], [00], [00]
Tx:( 0) : [01] , [00], [00], [00], [00], [00], [00], [00]
Tx:( 0) : [02] , [00], [00], [00], [00], [00], [00], [00]
Tx:( 0) : [03] , [00], [00], [00], [00], [00], [00], [00]
Tx:( 0) : [01] , [00], [00], [00], [00], [00], [00], [00]
Rx: [03],[00],[00],[29],[72],[fd],[06],[35]
Tx:( 0) : [02] , [00], [00], [00], [00], [00], [00], [00]
Tx:( 0) : [03] , [00], [00], [00], [00], [00], [00], [00]
Tx:( 0) : [01] , [00], [00], [00], [00], [00], [00], [00]
Rx: [03],[00],[00],[2a],[72],[fd],[06],[36]
Tx:( 0) : [02] , [00], [00], [00], [00], [00], [00], [00]
Tx:( 0) : [03] , [00], [00], [00], [00], [00], [00], [00]
Tx:( 0) : [01] , [00], [00], [00], [00], [00], [00], [00]
Rx: [03],[00],[00],[2b],[71],[fd],[06],[37]
Tx:( 0) : [02] , [00], [00], [00], [00], [00], [00], [00]
Tx:( 0) : [03] , [00], [00], [00], [00], [00], [00], [00]
Tx:( 0) : [01] , [00], [00], [00], [00], [00], [00], [00]
Rx: [03],[00],[00],[2c],[71],[fd],[05],[38]
Tx:( 0) : [02] , [00], [00], [00], [00], [00], [00], [00]
Tx:( 0) : [03] , [00], [00], [00], [00], [00], [00], [00]
Tx:( 0) : [01] , [00], [00], [00], [00], [00], [00], [00]
Tx:( 0) : [02] , [00], [00], [00], [00], [00], [00], [00]
Tx:( 0) : [03] , [00], [00], [00], [00], [00], [00], [00]
Tx:( 0) : [01] , [00], [00], [00], [00], [00], [00], [00]
Rx: [03],[00],[00],[2d],[71],[fd],[05],[39]
Tx:( 0) : [02] , [00], [00], [00], [00], [00], [00], [00]
Tx:( 0) : [03] , [00], [00], [00], [00], [00], [00], [00]
Tx:( 0) : [01] , [00], [00], [00], [00], [00], [00], [00]
Rx: [03],[00],[00],[2e],[70],[fd],[05],[3a]
Tx:( 0) : [02] , [00], [00], [00], [00], [00], [00], [00]
Tx:( 0) : [03] , [00], [00], [00], [00], [00], [00], [00]
Tx:( 0) : [01] , [00], [00], [00], [00], [00], [00], [00]
Rx: [03],[00],[00],[2f],[70],[fd],[05],[3a]
Tx:( 0) : [02] , [00], [00], [00], [00], [00], [00], [00]
Tx:( 0) : [03] , [00], [00], [00], [00], [00], [00], [00]
Tx:( 0) : [01] , [00], [00], [00], [00], [00], [00], [00]
Rx: [03],[00],[00],[30],[70],[fd],[05],[3b]
Tx:( 0) : [02] , [00], [00], [00], [00], [00], [00], [00]
Tx:( 0) : [03] , [00], [00], [00], [00], [00], [00], [00]
Tx:( 0) : [01] , [00], [00], [00], [00], [00], [00], [00]
Tx:( 0) : [02] , [00], [00], [00], [00], [00], [00], [00]
Tx:( 0) : [03] , [00], [00], [00], [00], [00], [00], [00]
Tx:( 0) : [01] , [00], [00], [00], [00], [00], [00], [00]
Rx: [03],[00],[00],[31],[6f],[fe],[05],[3c]
Tx:( 0) : [02] , [00], [00], [00], [00], [00], [00], [00]
Tx:( 0) : [03] , [00], [00], [00], [00], [00], [00], [00]
Tx:( 0) : [01] , [00], [00], [00], [00], [00], [00], [00]
Rx: [03],[00],[00],[32],[6f],[fe],[05],[3c]
Tx:( 0) : [02] , [00], [00], [00], [00], [00], [00], [00]
Tx:( 0) : [03] , [00], [00], [00], [00], [00], [00], [00]
Tx:( 0) : [01] , [00], [00], [00], [00], [00], [00], [00]
Rx: [03],[00],[00],[33],[6e],[fe],[05],[3d]
Tx:( 0) : [02] , [00], [00], [00], [00], [00], [00], [00]
Tx:( 0) : [03] , [00], [00], [00], [00], [00], [00], [00]
Tx:( 0) : [01] , [00], [00], [00], [00], [00], [00], [00]
Rx: [03],[00],[00],[34],[6e],[fe],[05],[3e]
Tx:( 0) : [02] , [00], [00], [00], [00], [00], [00], [00]
Tx:( 0) : [03] , [00], [00], [00], [00], [00], [00], [00]
Tx:( 0) : [01] , [00], [00], [00], [00], [00], [00], [00]
Tx:( 0) : [02] , [00], [00], [00], [00], [00], [00], [00]
Tx:( 0) : [03] , [00], [00], [00], [00], [00], [00], [00]
Tx:( 0) : [01] , [00], [00], [00], [00], [00], [00], [00]
Rx: [03],[00],[00],[35],[6e],[fe],[05],[3e]
Tx:( 0) : [02] , [00], [00], [00], [00], [00], [00], [00]
Tx:( 0) : [03] , [00], [00], [00], [00], [00], [00], [00]
Tx:( 0) : [01] , [00], [00], [00], [00], [00], [00], [00]
Rx: [03],[00],[00],[36],[6d],[fe],[05],[3f]
Tx:( 0) : [02] , [00], [00], [00], [00], [00], [00], [00]
Tx:( 0) : [03] , [00], [00], [00], [00], [00], [00], [00]
Tx:( 0) : [01] , [00], [00], [00], [00], [00], [00], [00]
Rx: [03],[00],[00],[37],[6d],[fe],[05],[3f]
Tx:( 0) : [02] , [00], [00], [00], [00], [00], [00], [00]
Tx:( 0) : [03] , [00], [00], [00], [00], [00], [00], [00]
Tx:( 0) : [01] , [00], [00], [00], [00], [00], [00], [00]
Rx: [03],[00],[00],[38],[6d],[fe],[05],[40]
Tx:( 0) : [02] , [00], [00], [00], [00], [00], [00], [00]
Tx:( 0) : [03] , [00], [00], [00], [00], [00], [00], [00]
Tx:( 0) : [01] , [00], [00], [00], [00], [00], [00], [00]
Tx:( 0) : [02] , [00], [00], [00], [00], [00], [00], [00]
Tx:( 0) : [03] , [00], [00], [00], [00], [00], [00], [00]
Tx:( 0) : [01] , [00], [00], [00], [00], [00], [00], [00]
Rx: [03],[00],[00],[39],[6c],[fe],[05],[41]
Tx:( 0) : [02] , [00], [00], [00], [00], [00], [00], [00]
Tx:( 0) : [03] , [00], [00], [00], [00], [00], [00], [00]
Tx:( 0) : [01] , [00], [00], [00], [00], [00], [00], [00]
Rx: [03],[00],[00],[3a],[6c],[fe],[05],[41]
Tx:( 0) : [02] , [00], [00], [00], [00], [00], [00], [00]
Tx:( 0) : [03] , [00], [00], [00], [00], [00], [00], [00]
Tx:( 0) : [01] , [00], [00], [00], [00], [00], [00], [00]
Rx: [03],[00],[00],[3b],[6c],[fe],[05],[42]
Tx:( 0) : [02] , [00], [00], [00], [00], [00], [00], [00]
Tx:( 0) : [03] , [00], [00], [00], [00], [00], [00], [00]
Tx:( 0) : [01] , [00], [00], [00], [00], [00], [00], [00]
Rx: [03],[00],[00],[3c],[6b],[fe],[05],[42]
Tx:( 0) : [02] , [00], [00], [00], [00], [00], [00], [00]
Tx:( 0) : [03] , [00], [00], [00], [00], [00], [00], [00]
Tx:( 0) : [01] , [00], [00], [00], [00], [00], [00], [00]
Tx:( 0) : [02] , [00], [00], [00], [00], [00], [00], [00]
Tx:( 0) : [03] , [00], [00], [00], [00], [00], [00], [00]
Tx:( 0) : [01] , [00], [00], [00], [00], [00], [00], [00]
Rx: [03],[00],[00],[3d],[6b],[fe],[05],[43]
Tx:( 0) : [02] , [00], [00], [00], [00], [00], [00], [00]
Tx:( 0) : [03] , [00], [00], [00], [00], [00], [00], [00]
Tx:( 0) : [01] , [00], [00], [00], [00], [00], [00], [00]
Rx: [03],[00],[00],[3e],[6b],[fe],[05],[44]
Tx:( 0) : [02] , [00], [00], [00], [00], [00], [00], [00]
Tx:( 0) : [03] , [00], [00], [00], [00], [00], [00], [00]
Tx:( 0) : [01] , [00], [00], [00], [00], [00], [00], [00]
Rx: [03],[00],[00],[3f],[6a],[fe],[05],[44]
Tx:( 0) : [02] , [00], [00], [00], [00], [00], [00], [00]
Tx:( 0) : [03] , [00], [00], [00], [00], [00], [00], [00]
Tx:( 0) : [01] , [00], [00], [00], [00], [00], [00], [00]
Rx: [03],[00],[00],[40],[6a],[fe],[05],[44]
Tx:( 0) : [02] , [00], [00], [00], [00], [00], [00], [00]
Tx:( 0) : [03] , [00], [00], [00], [00], [00], [00], [00]
Tx:( 0) : [01] , [00], [00], [00], [00], [00], [00], [00]
Tx:( 0) : [02] , [00], [00], [00], [00], [00], [00], [00]
Tx:( 0) : [03] , [00], [00], [00], [00], [00], [00], [00]
Tx:( 0) : [01] , [00], [00], [00], [00], [00], [00], [00]
Rx: [03],[00],[00],[41],[6a],[fe],[05],[45]
Tx:( 0) : [02] , [00], [00], [00], [00], [00], [00], [00]
Tx:( 0) : [03] , [00], [00], [00], [00], [00], [00], [00]
Tx:( 0) : [01] , [00], [00], [00], [00], [00], [00], [00]
Rx: [03],[00],[00],[42],[69],[fe],[05],[45]
Tx:( 0) : [02] , [00], [00], [00], [00], [00], [00], [00]
Tx:( 0) : [03] , [00], [00], [00], [00], [00], [00], [00]
Tx:( 0) : [01] , [00], [00], [00], [00], [00], [00], [00]
Rx: [03],[00],[00],[43],[69],[fe],[04],[46]
Tx:( 0) : [02] , [00], [00], [00], [00], [00], [00], [00]
Tx:( 0) : [03] , [00], [00], [00], [00], [00], [00], [00]
Tx:( 0) : [01] , [00], [00], [00], [00], [00], [00], [00]
Rx: [03],[00],[00],[44],[69],[fe],[04],[46]
Tx:( 0) : [02] , [00], [00], [00], [00], [00], [00], [00]
Tx:( 0) : [03] , [00], [00], [00], [00], [00], [00], [00]
Tx:( 0) : [01] , [00], [00], [00], [00], [00], [00], [00]
Tx:( 0) : [02] , [00], [00], [00], [00], [00], [00], [00]
Tx:( 0) : [03] , [00], [00], [00], [00], [00], [00], [00]
Tx:( 0) : [01] , [00], [00], [00], [00], [00], [00], [00]
Rx: [03],[00],[00],[45],[68],[fe],[04],[47]
Tx:( 0) : [02] , [00], [00], [00], [00], [00], [00], [00]
Tx:( 0) : [03] , [00], [00], [00], [00], [00], [00], [00]
Tx:( 0) : [01] , [00], [00], [00], [00], [00], [00], [00]
Rx: [03],[00],[00],[46],[68],[fe],[04],[47]
Tx:( 0) : [02] , [00], [00], [00], [00], [00], [00], [00]
Tx:( 0) : [03] , [00], [00], [00], [00], [00], [00], [00]
Tx:( 0) : [01] , [00], [00], [00], [00], [00], [00], [00]
Rx: [03],[00],[00],[47],[68],[ff],[04],[48]
Tx:( 0) : [02] , [00], [00], [00], [00], [00], [00], [00]
Tx:( 0) : [03] , [00], [00], [00], [00], [00], [00], [00]
Tx:( 0) : [01] , [00], [00], [00], [00], [00], [00], [00]
Rx: [03],[00],[00],[48],[68],[ff],[04],[48]
Tx:( 0) : [02] , [00], [00], [00], [00], [00], [00], [00]
Tx:( 0) : [03] , [00], [00], [00], [00], [00], [00], [00]
Tx:( 0) : [01] , [00], [00], [00], [00], [00], [00], [00]
Tx:( 0) : [02] , [00], [00], [00], [00], [00], [00], [00]
Tx:( 0) : [03] , [00], [00], [00], [00], [00], [00], [00]
Tx:( 0) : [01] , [00], [00], [00], [00], [00], [00], [00]
Rx: [03],[00],[00],[49],[67],[ff],[04],[48]
Tx:( 0) : [02] , [00], [00], [00], [00], [00], [00], [00]
Tx:( 0) : [03] , [00], [00], [00], [00], [00], [00], [00]
Tx:( 0) : [01] , [00], [00], [00], [00], [00], [00], [00]
Rx: [03],[00],[00],[4a],[67],[ff],[04],[49]
Tx:( 0) : [02] , [00], [00], [00], [00], [00], [00], [00]
Tx:( 0) : [03] , [00], [00], [00], [00], [00], [00], [00]
Tx:( 0) : [01] , [00], [00], [00], [00], [00], [00], [00]
Rx: [03],[00],[00],[4b],[67],[ff],[04],[49]
Tx:( 0) : [02] , [00], [00], [00], [00], [00], [00], [00]
Tx:( 0) : [03] , [00], [00], [00], [00], [00], [00], [00]
Tx:( 0) : [01] , [00], [00], [00], [00], [00], [00], [00]
Rx: [03],[00],[00],[4c],[67],[ff],[04],[49]
Tx:( 0) : [02] , [00], [00], [00], [00], [00], [00], [00]
Tx:( 0) : [03] , [00], [00], [00], [00], [00], [00], [00]
Tx:( 0) : [01] , [00], [00], [00], [00], [00], [00], [00]
Tx:( 0) : [02] , [00], [00], [00], [00], [00], [00], [00]
Tx:( 0) : [03] , [00], [00], [00], [00], [00], [00], [00]
Tx:( 0) : [01] , [00], [00], [00], [00], [00], [00], [00]
Rx: [03],[00],[00],[4d],[66],[ff],[04],[4a]
Tx:( 0) : [02] , [00], [00], [00], [00], [00], [00], [00]
Tx:( 0) : [03] , [00], [00], [00], [00], [00], [00], [00]
Tx:( 0) : [01] , [00], [00], [00], [00], [00], [00], [00]
Rx: [03],[00],[00],[4e],[66],[ff],[04],[4a]
Tx:( 0) : [02] , [00], [00], [00], [00], [00], [00], [00]
Tx:( 0) : [03] , [00], [00], [00], [00], [00], [00], [00]
Tx:( 0) : [01] , [00], [00], [00], [00], [00], [00], [00]
Rx: [03],[00],[00],[4f],[66],[ff],[04],[4b]
Tx:( 0) : [02] , [00], [00], [00], [00], [00], [00], [00]
Tx:( 0) : [03] , [00], [00], [00], [00], [00], [00], [00]
Tx:( 0) : [01] , [00], [00], [00], [00], [00], [00], [00]
Rx: [03],[00],[00],[50],[65],[ff],[03],[4b]
Tx:( 0) : [02] , [00], [00], [00], [00], [00], [00], [00]
Tx:( 0) : [03] , [00], [00], [00], [00], [00], [00], [00]
Tx:( 0) : [01] , [00], [00], [00], [00], [00], [00], [00]
Tx:( 0) : [02] , [00], [00], [00], [00], [00], [00], [00]
Tx:( 0) : [03] , [00], [00], [00], [00], [00], [00], [00]
Tx:( 0) : [01] , [00], [00], [00], [00], [00], [00], [00]
Rx: [03],[00],[00],[51],[64],[ff],[03],[4e]
Tx:( 0) : [02] , [00], [00], [00], [00], [00], [00], [00]
Tx:( 0) : [03] , [00], [00], [00], [00], [00], [00], [00]
Tx:( 0) : [01] , [00], [00], [00], [00], [00], [00], [00]
Rx: [03],[00],[00],[52],[63],[ff],[03],[4e]
Tx:( 0) : [02] , [00], [00], [00], [00], [00], [00], [00]
Tx:( 0) : [03] , [00], [00], [00], [00], [00], [00], [00]
Tx:( 0) : [01] , [00], [00], [00], [00], [00], [00], [00]
Rx: [03],[00],[00],[53],[63],[00],[03],[4e]
Tx:( 0) : [02] , [00], [00], [00], [00], [00], [00], [00]
Tx:( 0) : [03] , [00], [00], [00], [00], [00], [00], [00]
Tx:( 0) : [01] , [00], [00], [00], [00], [00], [00], [00]
Rx: [03],[00],[00],[54],[64],[00],[04],[4d]
Tx:( 0) : [02] , [00], [00], [00], [00], [00], [00], [00]
Tx:( 0) : [03] , [00], [00], [00], [00], [00], [00], [00]
Tx:( 0) : [01] , [00], [00], [00], [00], [00], [00], [00]
Tx:( 0) : [02] , [00], [00], [00], [00], [00], [00], [00]
Tx:( 0) : [03] , [00], [00], [00], [00], [00], [00], [00]
Tx:( 0) : [01] , [00], [00], [00], [00], [00], [00], [00]
Rx: [03],[00],[00],[55],[64],[02],[05],[4d]
Tx:( 0) : [02] , [00], [00], [00], [00], [00], [00], [00]
Tx:( 0) : [03] , [00], [00], [00], [00], [00], [00], [00]
Tx:( 0) : [01] , [00], [00], [00], [00], [00], [00], [00]
Rx: [03],[00],[00],[56],[64],[04],[07],[4d]
Tx:( 0) : [02] , [00], [00], [00], [00], [00], [00], [00]
Tx:( 0) : [03] , [00], [00], [00], [00], [00], [00], [00]
Tx:( 0) : [01] , [00], [00], [00], [00], [00], [00], [00]
Tx:( 0) : [02] , [00], [00], [00], [00], [00], [00], [00]
Tx:( 0) : [03] , [00], [00], [00], [00], [00], [00], [00]
Tx:( 0) : [01] , [00], [00], [00], [00], [00], [00], [00]
Rx: [03],[00],[00],[58],[64],[09],[0a],[4b]
Tx:( 0) : [02] , [00], [00], [00], [00], [00], [00], [00]
Tx:( 0) : [03] , [00], [00], [00], [00], [00], [00], [00]
Tx:( 0) : [01] , [00], [00], [00], [00], [00], [00], [00]
Tx:( 0) : [02] , [00], [00], [00], [00], [00], [00], [00]
Tx:( 0) : [03] , [00], [00], [00], [00], [00], [00], [00]
Tx:( 0) : [01] , [00], [00], [00], [00], [00], [00], [00]
Rx: [03],[00],[00],[59],[64],[0b],[0c],[4b]
Tx:( 0) : [02] , [00], [00], [00], [00], [00], [00], [00]
Tx:( 0) : [03] , [00], [00], [00], [00], [00], [00], [00]
Tx:( 0) : [01] , [00], [00], [00], [00], [00], [00], [00]
Rx: [03],[00],[00],[5a],[64],[0d],[0d],[4b]
Tx:( 0) : [02] , [00], [00], [00], [00], [00], [00], [00]
Tx:( 0) : [03] , [00], [00], [00], [00], [00], [00], [00]
Tx:( 0) : [01] , [00], [00], [00], [00], [00], [00], [00]
Rx: [03],[00],[00],[5b],[63],[0e],[0e],[4b]
Tx:( 0) : [02] , [00], [00], [00], [00], [00], [00], [00]
Tx:( 0) : [03] , [00], [00], [00], [00], [00], [00], [00]
Tx:( 0) : [01] , [00], [00], [00], [00], [00], [00], [00]
Rx: [03],[00],[00],[5c],[63],[10],[10],[4b]
Tx:( 0) : [02] , [00], [00], [00], [00], [00], [00], [00]
Tx:( 0) : [03] , [00], [00], [00], [00], [00], [00], [00]
Tx:( 0) : [01] , [00], [00], [00], [00], [00], [00], [00]
Tx:( 0) : [02] , [00], [00], [00], [00], [00], [00], [00]
Tx:( 0) : [03] , [00], [00], [00], [00], [00], [00], [00]
Tx:( 0) : [01] , [00], [00], [00], [00], [00], [00], [00]
Rx: [03],[00],[00],[5d],[62],[12],[11],[4b]
Tx:( 0) : [02] , [00], [00], [00], [00], [00], [00], [00]
Tx:( 0) : [03] , [00], [00], [00], [00], [00], [00], [00]
Tx:( 0) : [01] , [00], [00], [00], [00], [00], [00], [00]
Rx: [03],[00],[00],[5e],[62],[13],[12],[4c]
Tx:( 0) : [02] , [00], [00], [00], [00], [00], [00], [00]
Tx:( 0) : [03] , [00], [00], [00], [00], [00], [00], [00]
Tx:( 0) : [01] , [00], [00], [00], [00], [00], [00], [00]
Rx: [03],[00],[00],[5f],[61],[14],[13],[4c]
Tx:( 0) : [02] , [00], [00], [00], [00], [00], [00], [00]
Tx:( 0) : [03] , [00], [00], [00], [00], [00], [00], [00]
Tx:( 0) : [01] , [00], [00], [00], [00], [00], [00], [00]
Rx: [03],[00],[00],[60],[61],[15],[14],[4c]
Tx:( 0) : [02] , [00], [00], [00], [00], [00], [00], [00]
Tx:( 0) : [03] , [00], [00], [00], [00], [00], [00], [00]
Tx:( 0) : [01] , [00], [00], [00], [00], [00], [00], [00]
Tx:( 0) : [02] , [00], [00], [00], [00], [00], [00], [00]
Tx:( 0) : [03] , [00], [00], [00], [00], [00], [00], [00]
Tx:( 0) : [01] , [00], [00], [00], [00], [00], [00], [00]
Rx: [03],[00],[00],[61],[61],[14],[13],[4c]
Tx:( 0) : [02] , [00], [00], [00], [00], [00], [00], [00]
Tx:( 0) : [03] , [00], [00], [00], [00], [00], [00], [00]
Tx:( 0) : [01] , [00], [00], [00], [00], [00], [00], [00]
Rx: [03],[00],[00],[62],[61],[11],[11],[4d]
Tx:( 0) : [02] , [00], [00], [00], [00], [00], [00], [00]
Tx:( 0) : [03] , [00], [00], [00], [00], [00], [00], [00]
Tx:( 0) : [01] , [00], [00], [00], [00], [00], [00], [00]
Rx: [03],[00],[00],[63],[61],[0e],[0e],[4e]
Tx:( 0) : [02] , [00], [00], [00], [00], [00], [00], [00]
Tx:( 0) : [03] , [00], [00], [00], [00], [00], [00], [00]
Tx:( 0) : [01] , [00], [00], [00], [00], [00], [00], [00]
Rx: [03],[00],[00],[64],[61],[0c],[0c],[4f]
Tx:( 0) : [02] , [00], [00], [00], [00], [00], [00], [00]
Tx:( 0) : [03] , [00], [00], [00], [00], [00], [00], [00]
Tx:( 0) : [01] , [00], [00], [00], [00], [00], [00], [00]
Tx:( 0) : [02] , [00], [00], [00], [00], [00], [00], [00]
Tx:( 0) : [03] , [00], [00], [00], [00], [00], [00], [00]
Tx:( 0) : [01] , [00], [00], [00], [00], [00], [00], [00]
Rx: [03],[00],[00],[65],[61],[0a],[0a],[4f]
Tx:( 0) : [02] , [00], [00], [00], [00], [00], [00], [00]
Tx:( 0) : [03] , [00], [00], [00], [00], [00], [00], [00]
Tx:( 0) : [01] , [00], [00], [00], [00], [00], [00], [00]
Rx: [03],[00],[00],[66],[61],[08],[09],[50]
Tx:( 0) : [02] , [00], [00], [00], [00], [00], [00], [00]
Tx:( 0) : [03] , [00], [00], [00], [00], [00], [00], [00]
Tx:( 0) : [01] , [00], [00], [00], [00], [00], [00], [00]
Rx: [03],[00],[00],[67],[61],[06],[07],[50]
Tx:( 0) : [02] , [00], [00], [00], [00], [00], [00], [00]
Tx:( 0) : [03] , [00], [00], [00], [00], [00], [00], [00]
Tx:( 0) : [01] , [00], [00], [00], [00], [00], [00], [00]
Rx: [03],[00],[00],[68],[61],[04],[06],[50]
Tx:( 0) : [02] , [00], [00], [00], [00], [00], [00], [00]
Tx:( 0) : [03] , [00], [00], [00], [00], [00], [00], [00]
Tx:( 0) : [01] , [00], [00], [00], [00], [00], [00], [00]
Tx:( 0) : [02] , [00], [00], [00], [00], [00], [00], [00]
Tx:( 0) : [03] , [00], [00], [00], [00], [00], [00], [00]
Tx:( 0) : [01] , [00], [00], [00], [00], [00], [00], [00]
Rx: [03],[00],[00],[69],[61],[03],[05],[51]
Tx:( 0) : [02] , [00], [00], [00], [00], [00], [00], [00]
Tx:( 0) : [03] , [00], [00], [00], [00], [00], [00], [00]
Tx:( 0) : [01] , [00], [00], [00], [00], [00], [00], [00]
Rx: [03],[00],[00],[6a],[61],[02],[04],[51]
Tx:( 0) : [02] , [00], [00], [00], [00], [00], [00], [00]
Tx:( 0) : [03] , [00], [00], [00], [00], [00], [00], [00]
Tx:( 0) : [01] , [00], [00], [00], [00], [00], [00], [00]
Rx: [03],[00],[00],[6b],[61],[01],[04],[51]
Tx:( 0) : [02] , [00], [00], [00], [00], [00], [00], [00]
Tx:( 0) : [03] , [00], [00], [00], [00], [00], [00], [00]
Tx:( 0) : [01] , [00], [00], [00], [00], [00], [00], [00]
Rx: [03],[00],[00],[6c],[60],[01],[03],[52]
Tx:( 0) : [02] , [00], [00], [00], [00], [00], [00], [00]
Tx:( 0) : [03] , [00], [00], [00], [00], [00], [00], [00]
Tx:( 0) : [01] , [00], [00], [00], [00], [00], [00], [00]
Tx:( 0) : [02] , [00], [00], [00], [00], [00], [00], [00]
Tx:( 0) : [03] , [00], [00], [00], [00], [00], [00], [00]
Tx:( 0) : [01] , [00], [00], [00], [00], [00], [00], [00]
Rx: [03],[00],[00],[6d],[5f],[01],[03],[53]
Tx:( 0) : [02] , [00], [00], [00], [00], [00], [00], [00]
Tx:( 0) : [03] , [00], [00], [00], [00], [00], [00], [00]
Tx:( 0) : [01] , [00], [00], [00], [00], [00], [00], [00]
Rx: [03],[00],[00],[6e],[60],[01],[03],[52]
Tx:( 0) : [02] , [00], [00], [00], [00], [00], [00], [00]
Tx:( 0) : [03] , [00], [00], [00], [00], [00], [00], [00]
Tx:( 0) : [01] , [00], [00], [00], [00], [00], [00], [00]
Rx: [03],[00],[00],[6f],[60],[00],[03],[52]
Tx:( 0) : [02] , [00], [00], [00], [00], [00], [00], [00]
Tx:( 0) : [03] , [00], [00], [00], [00], [00], [00], [00]
Tx:( 0) : [01] , [00], [00], [00], [00], [00], [00], [00]
Rx: [03],[00],[00],[70],[60],[00],[05],[51]
Tx:( 0) : [02] , [00], [00], [00], [00], [00], [00], [00]
Tx:( 0) : [03] , [00], [00], [00], [00], [00], [00], [00]
Tx:( 0) : [01] , [00], [00], [00], [00], [00], [00], [00]
Tx:( 0) : [02] , [00], [00], [00], [00], [00], [00], [00]
Tx:( 0) : [03] , [00], [00], [00], [00], [00], [00], [00]
Tx:( 0) : [01] , [00], [00], [00], [00], [00], [00], [00]
Rx: [03],[00],[00],[71],[60],[00],[06],[52]
Tx:( 0) : [02] , [00], [00], [00], [00], [00], [00], [00]
Tx:( 0) : [03] , [00], [00], [00], [00], [00], [00], [00]
Tx:( 0) : [01] , [00], [00], [00], [00], [00], [00], [00]
Rx: [03],[00],[00],[72],[60],[00],[07],[52]
Tx:( 0) : [02] , [00], [00], [00], [00], [00], [00], [00]
Tx:( 0) : [03] , [00], [00], [00], [00], [00], [00], [00]
Tx:( 0) : [01] , [00], [00], [00], [00], [00], [00], [00]
Rx: [03],[00],[00],[73],[60],[ff],[08],[52]
Tx:( 0) : [02] , [00], [00], [00], [00], [00], [00], [00]
Tx:( 0) : [03] , [00], [00], [00], [00], [00], [00], [00]
Tx:( 0) : [01] , [00], [00], [00], [00], [00], [00], [00]
Tx:( 0) : [02] , [00], [00], [00], [00], [00], [00], [00]
Tx:( 0) : [03] , [00], [00], [00], [00], [00], [00], [00]
Tx:( 0) : [01] , [00], [00], [00], [00], [00], [00], [00]
Tx:( 0) : [02] , [00], [00], [00], [00], [00], [00], [00]
Tx:( 0) : [03] , [00], [00], [00], [00], [00], [00], [00]
Tx:( 0) : [01] , [00], [00], [00], [00], [00], [00], [00]
Rx: [03],[00],[00],[75],[60],[fe],[08],[52]
Tx:( 0) : [02] , [00], [00], [00], [00], [00], [00], [00]
Tx:( 0) : [03] , [00], [00], [00], [00], [00], [00], [00]
Tx:( 0) : [01] , [00], [00], [00], [00], [00], [00], [00]
Rx: [03],[00],[00],[76],[60],[fe],[09],[52]
Tx:( 0) : [02] , [00], [00], [00], [00], [00], [00], [00]
Tx:( 0) : [03] , [00], [00], [00], [00], [00], [00], [00]
Tx:( 0) : [01] , [00], [00], [00], [00], [00], [00], [00]
Rx: [03],[00],[00],[77],[60],[fe],[09],[52]
Tx:( 0) : [02] , [00], [00], [00], [00], [00], [00], [00]
Tx:( 0) : [03] , [00], [00], [00], [00], [00], [00], [00]
Tx:( 0) : [01] , [00], [00], [00], [00], [00], [00], [00]
Rx: [03],[00],[00],[78],[60],[ff],[08],[52]
Tx:( 0) : [02] , [00], [00], [00], [00], [00], [00], [00]
Tx:( 0) : [03] , [00], [00], [00], [00], [00], [00], [00]
Tx:( 0) : [01] , [00], [00], [00], [00], [00], [00], [00]
Tx:( 0) : [02] , [00], [00], [00], [00], [00], [00], [00]
Tx:( 0) : [03] , [00], [00], [00], [00], [00], [00], [00]
Tx:( 0) : [01] , [00], [00], [00], [00], [00], [00], [00]
Rx: [03],[00],[00],[79],[60],[ff],[07],[52]
Tx:( 0) : [02] , [00], [00], [00], [00], [00], [00], [00]
Tx:( 0) : [03] , [00], [00], [00], [00], [00], [00], [00]
Tx:( 0) : [01] , [00], [00], [00], [00], [00], [00], [00]
Rx: [03],[00],[00],[7a],[60],[ff],[06],[52]
Tx:( 0) : [02] , [00], [00], [00], [00], [00], [00], [00]
Tx:( 0) : [03] , [00], [00], [00], [00], [00], [00], [00]
Tx:( 0) : [01] , [00], [00], [00], [00], [00], [00], [00]
Rx: [03],[00],[00],[7b],[60],[ff],[05],[52]
Tx:( 0) : [02] , [00], [00], [00], [00], [00], [00], [00]
Tx:( 0) : [03] , [00], [00], [00], [00], [00], [00], [00]
Tx:( 0) : [01] , [00], [00], [00], [00], [00], [00], [00]
Rx: [03],[00],[00],[7c],[60],[ff],[04],[52]
Tx:( 0) : [02] , [00], [00], [00], [00], [00], [00], [00]
Tx:( 0) : [03] , [00], [00], [00], [00], [00], [00], [00]
Tx:( 0) : [01] , [00], [00], [00], [00], [00], [00], [00]
Rx: [03],[00],[00],[7d],[60],[00],[04],[52]
Tx:( 0) : [02] , [00], [00], [00], [00], [00], [00], [00]
Tx:( 0) : [03] , [00], [00], [00], [00], [00], [00], [00]
Tx:( 0) : [01] , [00], [00], [00], [00], [00], [00], [00]
Tx:( 0) : [02] , [00], [00], [00], [00], [00], [00], [00]
Tx:( 0) : [03] , [00], [00], [00], [00], [00], [00], [00]
Tx:( 0) : [01] , [00], [00], [00], [00], [00], [00], [00]
Rx: [03],[00],[00],[7e],[60],[00],[03],[52]
Tx:( 0) : [02] , [00], [00], [00], [00], [00], [00], [00]
Tx:( 0) : [03] , [00], [00], [00], [00], [00], [00], [00]
Tx:( 0) : [01] , [00], [00], [00], [00], [00], [00], [00]
Rx: [03],[00],[00],[7f],[60],[00],[03],[52]
Tx:( 0) : [02] , [00], [00], [00], [00], [00], [00], [00]
Tx:( 0) : [03] , [00], [00], [00], [00], [00], [00], [00]
Tx:( 0) : [01] , [00], [00], [00], [00], [00], [00], [00]
Rx: [03],[00],[00],[80],[60],[00],[02],[52]
Tx:( 0) : [02] , [00], [00], [00], [00], [00], [00], [00]
Tx:( 0) : [03] , [00], [00], [00], [00], [00], [00], [00]
Tx:( 0) : [01] , [00], [00], [00], [00], [00], [00], [00]
Rx: [03],[00],[00],[81],[60],[00],[02],[52]
Tx:( 0) : [02] , [00], [00], [00], [00], [00], [00], [00]
Tx:( 0) : [03] , [00], [00], [00], [00], [00], [00], [00]
Tx:( 0) : [01] , [00], [00], [00], [00], [00], [00], [00]
Tx:( 0) : [02] , [00], [00], [00], [00], [00], [00], [00]
Tx:( 0) : [03] , [00], [00], [00], [00], [00], [00], [00]
Tx:( 0) : [01] , [00], [00], [00], [00], [00], [00], [00]
Rx: [03],[00],[00],[82],[60],[00],[03],[53]
Tx:( 0) : [02] , [00], [00], [00], [00], [00], [00], [00]
Tx:( 0) : [03] , [00], [00], [00], [00], [00], [00], [00]
Tx:( 0) : [01] , [00], [00], [00], [00], [00], [00], [00]
Rx: [03],[00],[00],[83],[5f],[00],[04],[53]
Tx:( 0) : [02] , [00], [00], [00], [00], [00], [00], [00]
Tx:( 0) : [03] , [00], [00], [00], [00], [00], [00], [00]
Tx:( 0) : [01] , [00], [00], [00], [00], [00], [00], [00]
Rx: [03],[00],[00],[84],[5f],[ff],[05],[53]
Tx:( 0) : [02] , [00], [00], [00], [00], [00], [00], [00]
Tx:( 0) : [03] , [00], [00], [00], [00], [00], [00], [00]
Tx:( 0) : [01] , [00], [00], [00], [00], [00], [00], [00]
Rx: [03],[00],[00],[85],[5f],[ff],[06],[53]
Tx:( 0) : [02] , [00], [00], [00], [00], [00], [00], [00]
Tx:( 0) : [03] , [00], [00], [00], [00], [00], [00], [00]
Tx:( 0) : [01] , [00], [00], [00], [00], [00], [00], [00]
Tx:( 0) : [02] , [00], [00], [00], [00], [00], [00], [00]
Tx:( 0) : [03] , [00], [00], [00], [00], [00], [00], [00]
Tx:( 0) : [01] , [00], [00], [00], [00], [00], [00], [00]
Rx: [03],[00],[00],[86],[5f],[fe],[07],[53]
Tx:( 0) : [02] , [00], [00], [00], [00], [00], [00], [00]
Tx:( 0) : [03] , [00], [00], [00], [00], [00], [00], [00]
Tx:( 0) : [01] , [00], [00], [00], [00], [00], [00], [00]
Rx: [03],[00],[00],[87],[5f],[fe],[08],[52]
Tx:( 0) : [02] , [00], [00], [00], [00], [00], [00], [00]
Tx:( 0) : [03] , [00], [00], [00], [00], [00], [00], [00]
Tx:( 0) : [01] , [00], [00], [00], [00], [00], [00], [00]
Rx: [03],[00],[00],[88],[5f],[fd],[09],[52]
Tx:( 0) : [02] , [00], [00], [00], [00], [00], [00], [00]
Tx:( 0) : [03] , [00], [00], [00], [00], [00], [00], [00]
Tx:( 0) : [01] , [00], [00], [00], [00], [00], [00], [00]
Rx: [03],[00],[00],[89],[60],[fe],[09],[52]
Tx:( 0) : [02] , [00], [00], [00], [00], [00], [00], [00]
Tx:( 0) : [03] , [00], [00], [00], [00], [00], [00], [00]
Tx:( 0) : [01] , [00], [00], [00], [00], [00], [00], [00]
Tx:( 0) : [02] , [00], [00], [00], [00], [00], [00], [00]
Tx:( 0) : [03] , [00], [00], [00], [00], [00], [00], [00]
Tx:( 0) : [01] , [00], [00], [00], [00], [00], [00], [00]
Rx: [03],[00],[00],[8a],[60],[fe],[0a],[52]
Tx:( 0) : [02] , [00], [00], [00], [00], [00], [00], [00]
Tx:( 0) : [03] , [00], [00], [00], [00], [00], [00], [00]
Tx:( 0) : [01] , [00], [00], [00], [00], [00], [00], [00]
Rx: [03],[00],[00],[8b],[60],[fd],[0a],[52]
Tx:( 0) : [02] , [00], [00], [00], [00], [00], [00], [00]
Tx:( 0) : [03] , [00], [00], [00], [00], [00], [00], [00]
Tx:( 0) : [01] , [00], [00], [00], [00], [00], [00], [00]
Rx: [03],[00],[00],[8c],[60],[fd],[0a],[51]
Tx:( 0) : [02] , [00], [00], [00], [00], [00], [00], [00]
Tx:( 0) : [03] , [00], [00], [00], [00], [00], [00], [00]
Tx:( 0) : [01] , [00], [00], [00], [00], [00], [00], [00]
Rx: [03],[00],[00],[8d],[60],[fc],[0a],[51]
Tx:( 0) : [02] , [00], [00], [00], [00], [00], [00], [00]
Tx:( 0) : [03] , [00], [00], [00], [00], [00], [00], [00]
Tx:( 0) : [01] , [00], [00], [00], [00], [00], [00], [00]
Tx:( 0) : [02] , [00], [00], [00], [00], [00], [00], [00]
Tx:( 0) : [03] , [00], [00], [00], [00], [00], [00], [00]
Tx:( 0) : [01] , [00], [00], [00], [00], [00], [00], [00]
Rx: [03],[00],[00],[8e],[60],[fc],[0b],[51]
Tx:( 0) : [02] , [00], [00], [00], [00], [00], [00], [00]
Tx:( 0) : [03] , [00], [00], [00], [00], [00], [00], [00]
Tx:( 0) : [01] , [00], [00], [00], [00], [00], [00], [00]
Rx: [03],[00],[00],[8f],[60],[fc],[0c],[51]
Tx:( 0) : [02] , [00], [00], [00], [00], [00], [00], [00]
Tx:( 0) : [03] , [00], [00], [00], [00], [00], [00], [00]
Tx:( 0) : [01] , [00], [00], [00], [00], [00], [00], [00]
Rx: [03],[00],[00],[90],[60],[fc],[0c],[51]
Tx:( 0) : [02] , [00], [00], [00], [00], [00], [00], [00]
Tx:( 0) : [03] , [00], [00], [00], [00], [00], [00], [00]
Tx:( 0) : [01] , [00], [00], [00], [00], [00], [00], [00]
Rx: [03],[00],[00],[91],[60],[fb],[0c],[50]
Tx:( 0) : [02] , [00], [00], [00], [00], [00], [00], [00]
Tx:( 0) : [03] , [00], [00], [00], [00], [00], [00], [00]
Tx:( 0) : [01] , [00], [00], [00], [00], [00], [00], [00]
Tx:( 0) : [02] , [00], [00], [00], [00], [00], [00], [00]
Tx:( 0) : [03] , [00], [00], [00], [00], [00], [00], [00]
Tx:( 0) : [01] , [00], [00], [00], [00], [00], [00], [00]
Rx: [03],[00],[00],[92],[61],[fa],[0d],[50]
Tx:( 0) : [02] , [00], [00], [00], [00], [00], [00], [00]
Tx:( 0) : [03] , [00], [00], [00], [00], [00], [00], [00]
Tx:( 0) : [01] , [00], [00], [00], [00], [00], [00], [00]
Rx: [03],[00],[00],[93],[61],[fa],[0f],[50]
Tx:( 0) : [02] , [00], [00], [00], [00], [00], [00], [00]
Tx:( 0) : [03] , [00], [00], [00], [00], [00], [00], [00]
Tx:( 0) : [01] , [00], [00], [00], [00], [00], [00], [00]
Rx: [03],[00],[00],[94],[61],[f8],[10],[4f]
Tx:( 0) : [02] , [00], [00], [00], [00], [00], [00], [00]
Tx:( 0) : [03] , [00], [00], [00], [00], [00], [00], [00]
Tx:( 0) : [01] , [00], [00], [00], [00], [00], [00], [00]
Rx: [03],[00],[00],[95],[61],[f6],[11],[4e]
Tx:( 0) : [02] , [00], [00], [00], [00], [00], [00], [00]
Tx:( 0) : [03] , [00], [00], [00], [00], [00], [00], [00]
Tx:( 0) : [01] , [00], [00], [00], [00], [00], [00], [00]
Tx:( 0) : [02] , [00], [00], [00], [00], [00], [00], [00]
Tx:( 0) : [03] , [00], [00], [00], [00], [00], [00], [00]
Tx:( 0) : [01] , [00], [00], [00], [00], [00], [00], [00]
Rx: [03],[00],[00],[96],[61],[f5],[11],[4e]
Tx:( 0) : [02] , [00], [00], [00], [00], [00], [00], [00]
Tx:( 0) : [03] , [00], [00], [00], [00], [00], [00], [00]
Tx:( 0) : [01] , [00], [00], [00], [00], [00], [00], [00]
Rx: [03],[00],[00],[97],[62],[f7],[0e],[4e]
Tx:( 0) : [02] , [00], [00], [00], [00], [00], [00], [00]
Tx:( 0) : [03] , [00], [00], [00], [00], [00], [00], [00]
Tx:( 0) : [01] , [00], [00], [00], [00], [00], [00], [00]
Rx: [03],[00],[00],[98],[62],[fc],[06],[4f]
Tx:( 0) : [02] , [00], [00], [00], [00], [00], [00], [00]
Tx:( 0) : [03] , [00], [00], [00], [00], [00], [00], [00]
Tx:( 0) : [01] , [00], [00], [00], [00], [00], [00], [00]
Rx: [03],[00],[00],[99],[63],[00],[04],[4e]
Tx:( 0) : [02] , [00], [00], [00], [00], [00], [00], [00]
Tx:( 0) : [03] , [00], [00], [00], [00], [00], [00], [00]
Tx:( 0) : [01] , [00], [00], [00], [00], [00], [00], [00]
Tx:( 0) : [02] , [00], [00], [00], [00], [00], [00], [00]
Tx:( 0) : [03] , [00], [00], [00], [00], [00], [00], [00]
Tx:( 0) : [01] , [00], [00], [00], [00], [00], [00], [00]
Rx: [03],[00],[00],[9a],[62],[00],[04],[4f]
Tx:( 0) : [02] , [00], [00], [00], [00], [00], [00], [00]
Tx:( 0) : [03] , [00], [00], [00], [00], [00], [00], [00]
Tx:( 0) : [01] , [00], [00], [00], [00], [00], [00], [00]
Rx: [03],[00],[00],[9b],[62],[00],[04],[4f]
Tx:( 0) : [02] , [00], [00], [00], [00], [00], [00], [00]
Tx:( 0) : [03] , [00], [00], [00], [00], [00], [00], [00]
Tx:( 0) : [01] , [00], [00], [00], [00], [00], [00], [00]
Rx: [03],[00],[00],[9c],[62],[00],[04],[50]
Tx:( 0) : [02] , [00], [00], [00], [00], [00], [00], [00]
Tx:( 0) : [03] , [00], [00], [00], [00], [00], [00], [00]
Tx:( 0) : [01] , [00], [00], [00], [00], [00], [00], [00]
Rx: [03],[00],[00],[9d],[62],[00],[04],[50]
Tx:( 0) : [02] , [00], [00], [00], [00], [00], [00], [00]
Tx:( 0) : [03] , [00], [00], [00], [00], [00], [00], [00]
Tx:( 0) : [01] , [00], [00], [00], [00], [00], [00], [00]
Tx:( 0) : [02] , [00], [00], [00], [00], [00], [00], [00]
Tx:( 0) : [03] , [00], [00], [00], [00], [00], [00], [00]
Tx:( 0) : [01] , [00], [00], [00], [00], [00], [00], [00]
Rx: [03],[00],[00],[9e],[62],[00],[03],[50]
Tx:( 0) : [02] , [00], [00], [00], [00], [00], [00], [00]
Tx:( 0) : [03] , [00], [00], [00], [00], [00], [00], [00]
Tx:( 0) : [01] , [00], [00], [00], [00], [00], [00], [00]
Rx: [03],[00],[00],[9f],[62],[00],[03],[50]
Tx:( 0) : [02] , [00], [00], [00], [00], [00], [00], [00]
Tx:( 0) : [03] , [00], [00], [00], [00], [00], [00], [00]
Tx:( 0) : [01] , [00], [00], [00], [00], [00], [00], [00]
Rx: [03],[00],[00],[a0],[61],[00],[03],[50]
Tx:( 0) : [02] , [00], [00], [00], [00], [00], [00], [00]
Tx:( 0) : [03] , [00], [00], [00], [00], [00], [00], [00]
Tx:( 0) : [01] , [00], [00], [00], [00], [00], [00], [00]
Rx: [03],[00],[00],[a1],[61],[00],[03],[51]
Tx:( 0) : [02] , [00], [00], [00], [00], [00], [00], [00]
Tx:( 0) : [03] , [00], [00], [00], [00], [00], [00], [00]
Tx:( 0) : [01] , [00], [00], [00], [00], [00], [00], [00]
Tx:( 0) : [02] , [00], [00], [00], [00], [00], [00], [00]
Tx:( 0) : [03] , [00], [00], [00], [00], [00], [00], [00]
Tx:( 0) : [01] , [00], [00], [00], [00], [00], [00], [00]
Rx: [03],[00],[00],[a2],[61],[00],[03],[51]
Tx:( 0) : [02] , [00], [00], [00], [00], [00], [00], [00]
Tx:( 0) : [03] , [00], [00], [00], [00], [00], [00], [00]
Tx:( 0) : [01] , [00], [00], [00], [00], [00], [00], [00]
Rx: [03],[00],[00],[a3],[61],[00],[03],[51]
Tx:( 0) : [02] , [00], [00], [00], [00], [00], [00], [00]
Tx:( 0) : [03] , [00], [00], [00], [00], [00], [00], [00]
Tx:( 0) : [01] , [00], [00], [00], [00], [00], [00], [00]
Rx: [03],[00],[00],[a4],[61],[00],[03],[51]
Tx:( 0) : [02] , [00], [00], [00], [00], [00], [00], [00]
Tx:( 0) : [03] , [00], [00], [00], [00], [00], [00], [00]
Tx:( 0) : [01] , [00], [00], [00], [00], [00], [00], [00]
Rx: [03],[00],[00],[a5],[60],[00],[03],[51]
Tx:( 0) : [02] , [00], [00], [00], [00], [00], [00], [00]
Tx:( 0) : [03] , [00], [00], [00], [00], [00], [00], [00]
Tx:( 0) : [01] , [00], [00], [00], [00], [00], [00], [00]
Tx:( 0) : [02] , [00], [00], [00], [00], [00], [00], [00]
Tx:( 0) : [03] , [00], [00], [00], [00], [00], [00], [00]
Tx:( 0) : [01] , [00], [00], [00], [00], [00], [00], [00]
Rx: [03],[00],[00],[a6],[60],[00],[03],[51]
Tx:( 0) : [02] , [00], [00], [00], [00], [00], [00], [00]
Tx:( 0) : [03] , [00], [00], [00], [00], [00], [00], [00]
Tx:( 0) : [01] , [00], [00], [00], [00], [00], [00], [00]
Rx: [03],[00],[00],[a7],[60],[00],[03],[52]
Tx:( 0) : [02] , [00], [00], [00], [00], [00], [00], [00]
Tx:( 0) : [03] , [00], [00], [00], [00], [00], [00], [00]
Tx:( 0) : [01] , [00], [00], [00], [00], [00], [00], [00]
Rx: [03],[00],[00],[a8],[60],[00],[03],[52]
Tx:( 0) : [02] , [00], [00], [00], [00], [00], [00], [00]
Tx:( 0) : [03] , [00], [00], [00], [00], [00], [00], [00]
Tx:( 0) : [01] , [00], [00], [00], [00], [00], [00], [00]
Rx: [03],[00],[00],[a9],[60],[00],[03],[52]
Tx:( 0) : [02] , [00], [00], [00], [00], [00], [00], [00]
Tx:( 0) : [03] , [00], [00], [00], [00], [00], [00], [00]
Tx:( 0) : [01] , [00], [00], [00], [00], [00], [00], [00]
Tx:( 0) : [02] , [00], [00], [00], [00], [00], [00], [00]
Tx:( 0) : [03] , [00], [00], [00], [00], [00], [00], [00]
Tx:( 0) : [01] , [00], [00], [00], [00], [00], [00], [00]
Rx: [03],[00],[00],[aa],[60],[00],[03],[52]
Tx:( 0) : [02] , [00], [00], [00], [00], [00], [00], [00]
Tx:( 0) : [03] , [00], [00], [00], [00], [00], [00], [00]
Tx:( 0) : [01] , [00], [00], [00], [00], [00], [00], [00]
Rx: [03],[00],[00],[ab],[60],[00],[02],[52]
Tx:( 0) : [02] , [00], [00], [00], [00], [00], [00], [00]
Tx:( 0) : [03] , [00], [00], [00], [00], [00], [00], [00]
Tx:( 0) : [01] , [00], [00], [00], [00], [00], [00], [00]
Rx: [03],[00],[00],[ac],[60],[00],[02],[52]
Tx:( 0) : [02] , [00], [00], [00], [00], [00], [00], [00]
Tx:( 0) : [03] , [00], [00], [00], [00], [00], [00], [00]
Tx:( 0) : [01] , [00], [00], [00], [00], [00], [00], [00]
Rx: [03],[00],[00],[ad],[60],[00],[02],[52]
Tx:( 0) : [02] , [00], [00], [00], [00], [00], [00], [00]
Tx:( 0) : [03] , [00], [00], [00], [00], [00], [00], [00]
Tx:( 0) : [01] , [00], [00], [00], [00], [00], [00], [00]
Tx:( 0) : [02] , [00], [00], [00], [00], [00], [00], [00]
Tx:( 0) : [03] , [00], [00], [00], [00], [00], [00], [00]
Tx:( 0) : [01] , [00], [00], [00], [00], [00], [00], [00]
Rx: [03],[00],[00],[ae],[60],[00],[02],[52]
Tx:( 0) : [02] , [00], [00], [00], [00], [00], [00], [00]
Tx:( 0) : [03] , [00], [00], [00], [00], [00], [00], [00]
Tx:( 0) : [01] , [00], [00], [00], [00], [00], [00], [00]
Rx: [03],[00],[00],[af],[60],[00],[02],[53]
Tx:( 0) : [02] , [00], [00], [00], [00], [00], [00], [00]
Tx:( 0) : [03] , [00], [00], [00], [00], [00], [00], [00]
Tx:( 0) : [01] , [00], [00], [00], [00], [00], [00], [00]
Tx:( 0) : [02] , [00], [00], [00], [00], [00], [00], [00]
Tx:( 0) : [03] , [00], [00], [00], [00], [00], [00], [00]
Tx:( 0) : [01] , [00], [00], [00], [00], [00], [00], [00]
Rx: [03],[00],[00],[b1],[5f],[00],[02],[53]
Tx:( 0) : [02] , [00], [00], [00], [00], [00], [00], [00]
Tx:( 0) : [03] , [00], [00], [00], [00], [00], [00], [00]
Tx:( 0) : [01] , [00], [00], [00], [00], [00], [00], [00]
Tx:( 0) : [02] , [00], [00], [00], [00], [00], [00], [00]
Tx:( 0) : [03] , [00], [00], [00], [00], [00], [00], [00]
Tx:( 0) : [01] , [00], [00], [00], [00], [00], [00], [00]
Rx: [03],[00],[00],[b2],[5f],[00],[02],[53]
Tx:( 0) : [02] , [00], [00], [00], [00], [00], [00], [00]
Tx:( 0) : [03] , [00], [00], [00], [00], [00], [00], [00]
Tx:( 0) : [01] , [00], [00], [00], [00], [00], [00], [00]
Rx: [03],[00],[00],[b3],[5f],[00],[02],[53]
Tx:( 0) : [02] , [00], [00], [00], [00], [00], [00], [00]
Tx:( 0) : [03] , [00], [00], [00], [00], [00], [00], [00]
Tx:( 0) : [01] , [00], [00], [00], [00], [00], [00], [00]
Rx: [03],[00],[00],[b4],[5f],[00],[02],[53]
Tx:( 0) : [02] , [00], [00], [00], [00], [00], [00], [00]
Tx:( 0) : [03] , [00], [00], [00], [00], [00], [00], [00]
Tx:( 0) : [01] , [00], [00], [00], [00], [00], [00], [00]
Rx: [03],[00],[00],[b5],[5f],[00],[02],[53]
Tx:( 0) : [02] , [00], [00], [00], [00], [00], [00], [00]
Tx:( 0) : [03] , [00], [00], [00], [00], [00], [00], [00]
Tx:( 0) : [01] , [00], [00], [00], [00], [00], [00], [00]
Tx:( 0) : [02] , [00], [00], [00], [00], [00], [00], [00]
Tx:( 0) : [03] , [00], [00], [00], [00], [00], [00], [00]
Tx:( 0) : [01] , [00], [00], [00], [00], [00], [00], [00]
Rx: [03],[00],[00],[b6],[5f],[00],[02],[53]
Tx:( 0) : [02] , [00], [00], [00], [00], [00], [00], [00]
Tx:( 0) : [03] , [00], [00], [00], [00], [00], [00], [00]
Tx:( 0) : [01] , [00], [00], [00], [00], [00], [00], [00]
Rx: [03],[00],[00],[b7],[5f],[00],[02],[53]
Tx:( 0) : [02] , [00], [00], [00], [00], [00], [00], [00]
Tx:( 0) : [03] , [00], [00], [00], [00], [00], [00], [00]
Tx:( 0) : [01] , [00], [00], [00], [00], [00], [00], [00]
Rx: [03],[00],[00],[b8],[5f],[00],[02],[53]
Tx:( 0) : [02] , [00], [00], [00], [00], [00], [00], [00]
Tx:( 0) : [03] , [00], [00], [00], [00], [00], [00], [00]
Tx:( 0) : [01] , [00], [00], [00], [00], [00], [00], [00]
Rx: [03],[00],[00],[b9],[5f],[00],[02],[53]
Tx:( 0) : [02] , [00], [00], [00], [00], [00], [00], [00]
Tx:( 0) : [03] , [00], [00], [00], [00], [00], [00], [00]
Tx:( 0) : [01] , [00], [00], [00], [00], [00], [00], [00]
Tx:( 0) : [02] , [00], [00], [00], [00], [00], [00], [00]
Tx:( 0) : [03] , [00], [00], [00], [00], [00], [00], [00]
Tx:( 0) : [01] , [00], [00], [00], [00], [00], [00], [00]
Rx: [03],[00],[00],[ba],[5f],[00],[02],[53]
Tx:( 0) : [02] , [00], [00], [00], [00], [00], [00], [00]
Tx:( 0) : [03] , [00], [00], [00], [00], [00], [00], [00]
Tx:( 0) : [01] , [00], [00], [00], [00], [00], [00], [00]
Rx: [03],[00],[00],[bb],[5f],[00],[02],[53]
Tx:( 0) : [02] , [00], [00], [00], [00], [00], [00], [00]
Tx:( 0) : [03] , [00], [00], [00], [00], [00], [00], [00]
Tx:( 0) : [01] , [00], [00], [00], [00], [00], [00], [00]
Rx: [03],[00],[00],[bc],[5f],[00],[02],[54]
Tx:( 0) : [02] , [00], [00], [00], [00], [00], [00], [00]
Tx:( 0) : [03] , [00], [00], [00], [00], [00], [00], [00]
Tx:( 0) : [01] , [00], [00], [00], [00], [00], [00], [00]
Rx: [03],[00],[00],[bd],[5f],[00],[02],[54]
Tx:( 0) : [02] , [00], [00], [00], [00], [00], [00], [00]
Tx:( 0) : [03] , [00], [00], [00], [00], [00], [00], [00]
Tx:( 0) : [01] , [00], [00], [00], [00], [00], [00], [00]
Tx:( 0) : [02] , [00], [00], [00], [00], [00], [00], [00]
Tx:( 0) : [03] , [00], [00], [00], [00], [00], [00], [00]
Tx:( 0) : [01] , [00], [00], [00], [00], [00], [00], [00]
Rx: [03],[00],[00],[be],[5f],[00],[02],[54]
Tx:( 0) : [02] , [00], [00], [00], [00], [00], [00], [00]
Tx:( 0) : [03] , [00], [00], [00], [00], [00], [00], [00]
Tx:( 0) : [01] , [00], [00], [00], [00], [00], [00], [00]
Rx: [03],[00],[00],[bf],[5f],[00],[02],[54]
Tx:( 0) : [02] , [00], [00], [00], [00], [00], [00], [00]
Tx:( 0) : [03] , [00], [00], [00], [00], [00], [00], [00]
Tx:( 0) : [01] , [00], [00], [00], [00], [00], [00], [00]
Rx: [03],[00],[00],[c0],[5f],[00],[02],[54]
Tx:( 0) : [02] , [00], [00], [00], [00], [00], [00], [00]
Tx:( 0) : [03] , [00], [00], [00], [00], [00], [00], [00]
Tx:( 0) : [01] , [00], [00], [00], [00], [00], [00], [00]
Rx: [03],[00],[00],[c1],[5f],[00],[02],[54]
Tx:( 0) : [02] , [00], [00], [00], [00], [00], [00], [00]
Tx:( 0) : [03] , [00], [00], [00], [00], [00], [00], [00]
Tx:( 0) : [01] , [00], [00], [00], [00], [00], [00], [00]
Tx:( 0) : [02] , [00], [00], [00], [00], [00], [00], [00]
Tx:( 0) : [03] , [00], [00], [00], [00], [00], [00], [00]
Tx:( 0) : [01] , [00], [00], [00], [00], [00], [00], [00]
Rx: [03],[00],[00],[c2],[5f],[00],[02],[54]
Tx:( 0) : [02] , [00], [00], [00], [00], [00], [00], [00]
Tx:( 0) : [03] , [00], [00], [00], [00], [00], [00], [00]
Tx:( 0) : [01] , [00], [00], [00], [00], [00], [00], [00]
Rx: [03],[00],[00],[c3],[5e],[00],[02],[54]
Tx:( 0) : [02] , [00], [00], [00], [00], [00], [00], [00]
Tx:( 0) : [03] , [00], [00], [00], [00], [00], [00], [00]
Tx:( 0) : [01] , [00], [00], [00], [00], [00], [00], [00]
Rx: [03],[00],[00],[c4],[5e],[00],[02],[54]
Tx:( 0) : [02] , [00], [00], [00], [00], [00], [00], [00]
Tx:( 0) : [03] , [00], [00], [00], [00], [00], [00], [00]
Tx:( 0) : [01] , [00], [00], [00], [00], [00], [00], [00]
Rx: [03],[00],[00],[c5],[5e],[00],[02],[54]
Tx:( 0) : [02] , [00], [00], [00], [00], [00], [00], [00]
Tx:( 0) : [03] , [00], [00], [00], [00], [00], [00], [00]
Tx:( 0) : [01] , [00], [00], [00], [00], [00], [00], [00]
Tx:( 0) : [02] , [00], [00], [00], [00], [00], [00], [00]
Tx:( 0) : [03] , [00], [00], [00], [00], [00], [00], [00]
Tx:( 0) : [01] , [00], [00], [00], [00], [00], [00], [00]
Rx: [03],[00],[00],[c6],[5e],[00],[02],[54]
Tx:( 0) : [02] , [00], [00], [00], [00], [00], [00], [00]
Tx:( 0) : [03] , [00], [00], [00], [00], [00], [00], [00]
Tx:( 0) : [01] , [00], [00], [00], [00], [00], [00], [00]
Rx: [03],[00],[00],[c7],[5e],[00],[02],[54]
Tx:( 0) : [02] , [00], [00], [00], [00], [00], [00], [00]
Tx:( 0) : [03] , [00], [00], [00], [00], [00], [00], [00]
Tx:( 0) : [01] , [00], [00], [00], [00], [00], [00], [00]
Rx: [03],[00],[00],[c8],[5e],[00],[02],[54]
Tx:( 0) : [02] , [00], [00], [00], [00], [00], [00], [00]
Tx:( 0) : [03] , [00], [00], [00], [00], [00], [00], [00]
Tx:( 0) : [01] , [00], [00], [00], [00], [00], [00], [00]
Rx: [03],[00],[00],[c9],[5e],[00],[02],[54]
Tx:( 0) : [02] , [00], [00], [00], [00], [00], [00], [00]
Tx:( 0) : [03] , [00], [00], [00], [00], [00], [00], [00]
Tx:( 0) : [01] , [00], [00], [00], [00], [00], [00], [00]
Tx:( 0) : [02] , [00], [00], [00], [00], [00], [00], [00]
Tx:( 0) : [03] , [00], [00], [00], [00], [00], [00], [00]
Tx:( 0) : [01] , [00], [00], [00], [00], [00], [00], [00]
Rx: [03],[00],[00],[ca],[5e],[00],[02],[54]
Tx:( 0) : [02] , [00], [00], [00], [00], [00], [00], [00]
Tx:( 0) : [03] , [00], [00], [00], [00], [00], [00], [00]
Tx:( 0) : [01] , [00], [00], [00], [00], [00], [00], [00]
Rx: [03],[00],[00],[cb],[5e],[00],[02],[54]
Tx:( 0) : [02] , [00], [00], [00], [00], [00], [00], [00]
Tx:( 0) : [03] , [00], [00], [00], [00], [00], [00], [00]
Tx:( 0) : [01] , [00], [00], [00], [00], [00], [00], [00]
Rx: [03],[00],[00],[cc],[5e],[00],[02],[54]
Tx:( 0) : [02] , [00], [00], [00], [00], [00], [00], [00]
Tx:( 0) : [03] , [00], [00], [00], [00], [00], [00], [00]
Tx:( 0) : [01] , [00], [00], [00], [00], [00], [00], [00]
Rx: [03],[00],[00],[cd],[5e],[00],[02],[54]
Tx:( 0) : [02] , [00], [00], [00], [00], [00], [00], [00]
Tx:( 0) : [03] , [00], [00], [00], [00], [00], [00], [00]
Tx:( 0) : [01] , [00], [00], [00], [00], [00], [00], [00]
Tx:( 0) : [02] , [00], [00], [00], [00], [00], [00], [00]
Tx:( 0) : [03] , [00], [00], [00], [00], [00], [00], [00]
Tx:( 0) : [01] , [00], [00], [00], [00], [00], [00], [00]
Rx: [03],[00],[00],[ce],[5e],[00],[02],[54]
Tx:( 0) : [02] , [00], [00], [00], [00], [00], [00], [00]
Tx:( 0) : [03] , [00], [00], [00], [00], [00], [00], [00]
Tx:( 0) : [01] , [00], [00], [00], [00], [00], [00], [00]
Rx: [03],[00],[00],[cf],[5e],[00],[01],[54]
Tx:( 0) : [02] , [00], [00], [00], [00], [00], [00], [00]
Tx:( 0) : [03] , [00], [00], [00], [00], [00], [00], [00]
Tx:( 0) : [01] , [00], [00], [00], [00], [00], [00], [00]
Rx: [03],[00],[00],[d0],[5e],[00],[01],[54]
Tx:( 0) : [02] , [00], [00], [00], [00], [00], [00], [00]
Tx:( 0) : [03] , [00], [00], [00], [00], [00], [00], [00]
Tx:( 0) : [01] , [00], [00], [00], [00], [00], [00], [00]
Rx: [03],[00],[00],[d1],[5e],[00],[01],[54]
Tx:( 0) : [02] , [00], [00], [00], [00], [00], [00], [00]
Tx:( 0) : [03] , [00], [00], [00], [00], [00], [00], [00]
Tx:( 0) : [01] , [00], [00], [00], [00], [00], [00], [00]
Tx:( 0) : [02] , [00], [00], [00], [00], [00], [00], [00]
Tx:( 0) : [03] , [00], [00], [00], [00], [00], [00], [00]
Tx:( 0) : [01] , [00], [00], [00], [00], [00], [00], [00]
Rx: [03],[00],[00],[d2],[5e],[00],[02],[55]
Tx:( 0) : [02] , [00], [00], [00], [00], [00], [00], [00]
Tx:( 0) : [03] , [00], [00], [00], [00], [00], [00], [00]
Tx:( 0) : [01] , [00], [00], [00], [00], [00], [00], [00]
Rx: [03],[00],[00],[d3],[5e],[00],[02],[55]
Tx:( 0) : [02] , [00], [00], [00], [00], [00], [00], [00]
Tx:( 0) : [03] , [00], [00], [00], [00], [00], [00], [00]
Tx:( 0) : [01] , [00], [00], [00], [00], [00], [00], [00]
Rx: [03],[00],[00],[d4],[5e],[00],[01],[55]
Tx:( 0) : [02] , [00], [00], [00], [00], [00], [00], [00]
Tx:( 0) : [03] , [00], [00], [00], [00], [00], [00], [00]
Tx:( 0) : [01] , [00], [00], [00], [00], [00], [00], [00]
Rx: [03],[00],[00],[d5],[5e],[00],[01],[55]
Tx:( 0) : [02] , [00], [00], [00], [00], [00], [00], [00]
Tx:( 0) : [03] , [00], [00], [00], [00], [00], [00], [00]
Tx:( 0) : [01] , [00], [00], [00], [00], [00], [00], [00]
Tx:( 0) : [02] , [00], [00], [00], [00], [00], [00], [00]
Tx:( 0) : [03] , [00], [00], [00], [00], [00], [00], [00]
Tx:( 0) : [01] , [00], [00], [00], [00], [00], [00], [00]
Rx: [03],[00],[00],[d6],[5e],[00],[01],[55]
Tx:( 0) : [02] , [00], [00], [00], [00], [00], [00], [00]
Tx:( 0) : [03] , [00], [00], [00], [00], [00], [00], [00]
Tx:( 0) : [01] , [00], [00], [00], [00], [00], [00], [00]
Rx: [03],[00],[00],[d7],[5e],[00],[01],[55]
Tx:( 0) : [02] , [00], [00], [00], [00], [00], [00], [00]
Tx:( 0) : [03] , [00], [00], [00], [00], [00], [00], [00]
Tx:( 0) : [01] , [00], [00], [00], [00], [00], [00], [00]
Rx: [03],[00],[00],[d8],[5e],[00],[02],[55]
Tx:( 0) : [02] , [00], [00], [00], [00], [00], [00], [00]
Tx:( 0) : [03] , [00], [00], [00], [00], [00], [00], [00]
Tx:( 0) : [01] , [00], [00], [00], [00], [00], [00], [00]
Rx: [03],[00],[00],[d9],[5e],[00],[01],[55]
Tx:( 0) : [02] , [00], [00], [00], [00], [00], [00], [00]
Tx:( 0) : [03] , [00], [00], [00], [00], [00], [00], [00]
Tx:( 0) : [01] , [00], [00], [00], [00], [00], [00], [00]
Tx:( 0) : [02] , [00], [00], [00], [00], [00], [00], [00]
Tx:( 0) : [03] , [00], [00], [00], [00], [00], [00], [00]
Tx:( 0) : [01] , [00], [00], [00], [00], [00], [00], [00]
Rx: [03],[00],[00],[da],[5e],[00],[01],[55]
Tx:( 0) : [02] , [00], [00], [00], [00], [00], [00], [00]
Tx:( 0) : [03] , [00], [00], [00], [00], [00], [00], [00]
Tx:( 0) : [01] , [00], [00], [00], [00], [00], [00], [00]
Rx: [03],[00],[00],[db],[5e],[00],[02],[55]
Tx:( 0) : [02] , [00], [00], [00], [00], [00], [00], [00]
Tx:( 0) : [03] , [00], [00], [00], [00], [00], [00], [00]
Tx:( 0) : [01] , [00], [00], [00], [00], [00], [00], [00]
Rx: [03],[00],[00],[dc],[5e],[00],[02],[55]
Tx:( 0) : [02] , [00], [00], [00], [00], [00], [00], [00]
Tx:( 0) : [03] , [00], [00], [00], [00], [00], [00], [00]
Tx:( 0) : [01] , [00], [00], [00], [00], [00], [00], [00]
Tx:( 0) : [02] , [00], [00], [00], [00], [00], [00], [00]
Tx:( 0) : [03] , [00], [00], [00], [00], [00], [00], [00]
Tx:( 0) : [01] , [00], [00], [00], [00], [00], [00], [00]
Tx:( 0) : [02] , [00], [00], [00], [00], [00], [00], [00]
Tx:( 0) : [03] , [00], [00], [00], [00], [00], [00], [00]
Tx:( 0) : [01] , [00], [00], [00], [00], [00], [00], [00]
Rx: [03],[00],[00],[de],[5e],[00],[01],[55]
Tx:( 0) : [02] , [00], [00], [00], [00], [00], [00], [00]
Tx:( 0) : [03] , [00], [00], [00], [00], [00], [00], [00]
Tx:( 0) : [01] , [00], [00], [00], [00], [00], [00], [00]
Rx: [03],[00],[00],[df],[5e],[00],[01],[55]
Tx:( 0) : [02] , [00], [00], [00], [00], [00], [00], [00]
Tx:( 0) : [03] , [00], [00], [00], [00], [00], [00], [00]
Tx:( 0) : [01] , [00], [00], [00], [00], [00], [00], [00]
Rx: [03],[00],[00],[e0],[5d],[00],[02],[55]
Tx:( 0) : [02] , [00], [00], [00], [00], [00], [00], [00]
Tx:( 0) : [03] , [00], [00], [00], [00], [00], [00], [00]
Tx:( 0) : [01] , [00], [00], [00], [00], [00], [00], [00]
Rx: [03],[00],[00],[e1],[5d],[00],[02],[55]
Tx:( 0) : [02] , [00], [00], [00], [00], [00], [00], [00]
Tx:( 0) : [03] , [00], [00], [00], [00], [00], [00], [00]
Tx:( 0) : [01] , [00], [00], [00], [00], [00], [00], [00]
Tx:( 0) : [02] , [00], [00], [00], [00], [00], [00], [00]
Tx:( 0) : [03] , [00], [00], [00], [00], [00], [00], [00]
Tx:( 0) : [01] , [00], [00], [00], [00], [00], [00], [00]
Rx: [03],[00],[00],[e2],[5d],[00],[01],[55]
Tx:( 0) : [02] , [00], [00], [00], [00], [00], [00], [00]
Tx:( 0) : [03] , [00], [00], [00], [00], [00], [00], [00]
Tx:( 0) : [01] , [00], [00], [00], [00], [00], [00], [00]
Tx:( 0) : [02] , [00], [00], [00], [00], [00], [00], [00]
Tx:( 0) : [03] , [00], [00], [00], [00], [00], [00], [00]
Tx:( 0) : [01] , [00], [00], [00], [00], [00], [00], [00]
Rx: [03],[00],[00],[e4],[5d],[00],[01],[55]
Tx:( 0) : [02] , [00], [00], [00], [00], [00], [00], [00]
Tx:( 0) : [03] , [00], [00], [00], [00], [00], [00], [00]
Tx:( 0) : [01] , [00], [00], [00], [00], [00], [00], [00]
Rx: [03],[00],[00],[e5],[5d],[00],[01],[55]
Tx:( 0) : [02] , [00], [00], [00], [00], [00], [00], [00]
Tx:( 0) : [03] , [00], [00], [00], [00], [00], [00], [00]
Tx:( 0) : [01] , [00], [00], [00], [00], [00], [00], [00]
Tx:( 0) : [02] , [00], [00], [00], [00], [00], [00], [00]
Tx:( 0) : [03] , [00], [00], [00], [00], [00], [00], [00]
Tx:( 0) : [01] , [00], [00], [00], [00], [00], [00], [00]
Rx: [03],[00],[00],[e6],[5d],[00],[01],[55]
Tx:( 0) : [02] , [00], [00], [00], [00], [00], [00], [00]
Tx:( 0) : [03] , [00], [00], [00], [00], [00], [00], [00]
Tx:( 0) : [01] , [00], [00], [00], [00], [00], [00], [00]
Rx: [03],[00],[00],[e7],[5d],[00],[01],[55]
Tx:( 0) : [02] , [00], [00], [00], [00], [00], [00], [00]
Tx:( 0) : [03] , [00], [00], [00], [00], [00], [00], [00]
Tx:( 0) : [01] , [00], [00], [00], [00], [00], [00], [00]
Rx: [03],[00],[00],[e8],[5d],[00],[01],[55]
Tx:( 0) : [02] , [00], [00], [00], [00], [00], [00], [00]
Tx:( 0) : [03] , [00], [00], [00], [00], [00], [00], [00]
Tx:( 0) : [01] , [00], [00], [00], [00], [00], [00], [00]
Rx: [03],[00],[00],[e9],[5d],[00],[01],[55]
Tx:( 0) : [02] , [00], [00], [00], [00], [00], [00], [00]
Tx:( 0) : [03] , [00], [00], [00], [00], [00], [00], [00]
Tx:( 0) : [01] , [00], [00], [00], [00], [00], [00], [00]
Tx:( 0) : [02] , [00], [00], [00], [00], [00], [00], [00]
Tx:( 0) : [03] , [00], [00], [00], [00], [00], [00], [00]
Tx:( 0) : [01] , [00], [00], [00], [00], [00], [00], [00]
Rx: [03],[00],[00],[ea],[5d],[00],[01],[55]
Tx:( 0) : [02] , [00], [00], [00], [00], [00], [00], [00]
Tx:( 0) : [03] , [00], [00], [00], [00], [00], [00], [00]
Tx:( 0) : [01] , [00], [00], [00], [00], [00], [00], [00]
Rx: [03],[00],[00],[eb],[5d],[00],[01],[55]
Tx:( 0) : [02] , [00], [00], [00], [00], [00], [00], [00]
Tx:( 0) : [03] , [00], [00], [00], [00], [00], [00], [00]
Tx:( 0) : [01] , [00], [00], [00], [00], [00], [00], [00]
Rx: [03],[00],[00],[ec],[5d],[00],[01],[55]
Tx:( 0) : [02] , [00], [00], [00], [00], [00], [00], [00]
Tx:( 0) : [03] , [00], [00], [00], [00], [00], [00], [00]
Tx:( 0) : [01] , [00], [00], [00], [00], [00], [00], [00]
Rx: [03],[00],[00],[ed],[5d],[00],[01],[55]
Tx:( 0) : [02] , [00], [00], [00], [00], [00], [00], [00]
Tx:( 0) : [03] , [00], [00], [00], [00], [00], [00], [00]
Tx:( 0) : [01] , [00], [00], [00], [00], [00], [00], [00]
Tx:( 0) : [02] , [00], [00], [00], [00], [00], [00], [00]
Tx:( 0) : [03] , [00], [00], [00], [00], [00], [00], [00]
Tx:( 0) : [01] , [00], [00], [00], [00], [00], [00], [00]
Rx: [03],[00],[00],[ee],[5d],[00],[01],[55]
Tx:( 0) : [02] , [00], [00], [00], [00], [00], [00], [00]
Tx:( 0) : [03] , [00], [00], [00], [00], [00], [00], [00]
Tx:( 0) : [01] , [00], [00], [00], [00], [00], [00], [00]
Rx: [03],[00],[00],[ef],[5d],[00],[01],[55]
Tx:( 0) : [02] , [00], [00], [00], [00], [00], [00], [00]
Tx:( 0) : [03] , [00], [00], [00], [00], [00], [00], [00]
Tx:( 0) : [01] , [00], [00], [00], [00], [00], [00], [00]
Rx: [03],[00],[00],[f0],[5d],[00],[01],[55]
Tx:( 0) : [02] , [00], [00], [00], [00], [00], [00], [00]
Tx:( 0) : [03] , [00], [00], [00], [00], [00], [00], [00]
Tx:( 0) : [01] , [00], [00], [00], [00], [00], [00], [00]
Rx: [03],[00],[00],[f1],[5d],[00],[01],[55]
Tx:( 0) : [02] , [00], [00], [00], [00], [00], [00], [00]
Tx:( 0) : [03] , [00], [00], [00], [00], [00], [00], [00]
Tx:( 0) : [01] , [00], [00], [00], [00], [00], [00], [00]
Tx:( 0) : [02] , [00], [00], [00], [00], [00], [00], [00]
Tx:( 0) : [03] , [00], [00], [00], [00], [00], [00], [00]
Tx:( 0) : [01] , [00], [00], [00], [00], [00], [00], [00]
Rx: [03],[00],[00],[f2],[5d],[00],[01],[55]
Tx:( 0) : [02] , [00], [00], [00], [00], [00], [00], [00]
Tx:( 0) : [03] , [00], [00], [00], [00], [00], [00], [00]
Tx:( 0) : [01] , [00], [00], [00], [00], [00], [00], [00]
Rx: [03],[00],[00],[f3],[5d],[00],[01],[55]
Tx:( 0) : [02] , [00], [00], [00], [00], [00], [00], [00]
Tx:( 0) : [03] , [00], [00], [00], [00], [00], [00], [00]
Tx:( 0) : [01] , [00], [00], [00], [00], [00], [00], [00]
Rx: [03],[00],[00],[f4],[5d],[00],[01],[55]
Tx:( 0) : [02] , [00], [00], [00], [00], [00], [00], [00]
Tx:( 0) : [03] , [00], [00], [00], [00], [00], [00], [00]
Tx:( 0) : [01] , [00], [00], [00], [00], [00], [00], [00]
Rx: [03],[00],[00],[f5],[5d],[00],[01],[55]
Tx:( 0) : [02] , [00], [00], [00], [00], [00], [00], [00]
Tx:( 0) : [03] , [00], [00], [00], [00], [00], [00], [00]
Tx:( 0) : [01] , [00], [00], [00], [00], [00], [00], [00]
Tx:( 0) : [02] , [00], [00], [00], [00], [00], [00], [00]
Tx:( 0) : [03] , [00], [00], [00], [00], [00], [00], [00]
Tx:( 0) : [01] , [00], [00], [00], [00], [00], [00], [00]
Rx: [03],[00],[00],[f6],[5d],[00],[01],[55]
Tx:( 0) : [02] , [00], [00], [00], [00], [00], [00], [00]
Tx:( 0) : [03] , [00], [00], [00], [00], [00], [00], [00]
Tx:( 0) : [01] , [00], [00], [00], [00], [00], [00], [00]
Rx: [03],[00],[00],[f7],[5d],[00],[01],[55]
Tx:( 0) : [02] , [00], [00], [00], [00], [00], [00], [00]
Tx:( 0) : [03] , [00], [00], [00], [00], [00], [00], [00]
Tx:( 0) : [01] , [00], [00], [00], [00], [00], [00], [00]
Rx: [03],[00],[00],[f8],[5d],[00],[01],[55]
Tx:( 0) : [02] , [00], [00], [00], [00], [00], [00], [00]
Tx:( 0) : [03] , [00], [00], [00], [00], [00], [00], [00]
Tx:( 0) : [01] , [00], [00], [00], [00], [00], [00], [00]
Rx: [03],[00],[00],[f9],[5d],[00],[01],[55]
Tx:( 0) : [02] , [00], [00], [00], [00], [00], [00], [00]
Tx:( 0) : [03] , [00], [00], [00], [00], [00], [00], [00]
Tx:( 0) : [01] , [00], [00], [00], [00], [00], [00], [00]
Tx:( 0) : [02] , [00], [00], [00], [00], [00], [00], [00]
Tx:( 0) : [03] , [00], [00], [00], [00], [00], [00], [00]
Tx:( 0) : [01] , [00], [00], [00], [00], [00], [00], [00]
Rx: [03],[00],[00],[fa],[5d],[00],[01],[55]
Tx:( 0) : [02] , [00], [00], [00], [00], [00], [00], [00]
Tx:( 0) : [03] , [00], [00], [00], [00], [00], [00], [00]
Tx:( 0) : [01] , [00], [00], [00], [00], [00], [00], [00]
Rx: [03],[00],[00],[fb],[5d],[00],[01],[55]
Tx:( 0) : [02] , [00], [00], [00], [00], [00], [00], [00]
Tx:( 0) : [03] , [00], [00], [00], [00], [00], [00], [00]
Tx:( 0) : [01] , [00], [00], [00], [00], [00], [00], [00]
Rx: [03],[00],[00],[fc],[5d],[00],[01],[55]
Tx:( 0) : [02] , [00], [00], [00], [00], [00], [00], [00]
Tx:( 0) : [03] , [00], [00], [00], [00], [00], [00], [00]
Tx:( 0) : [01] , [00], [00], [00], [00], [00], [00], [00]
Rx: [03],[00],[00],[fd],[5d],[00],[01],[55]
Tx:( 0) : [02] , [00], [00], [00], [00], [00], [00], [00]
Tx:( 0) : [03] , [00], [00], [00], [00], [00], [00], [00]
Tx:( 0) : [01] , [00], [00], [00], [00], [00], [00], [00]
Tx:( 0) : [02] , [00], [00], [00], [00], [00], [00], [00]
Tx:( 0) : [03] , [00], [00], [00], [00], [00], [00], [00]
Tx:( 0) : [01] , [00], [00], [00], [00], [00], [00], [00]
Rx: [03],[00],[00],[fe],[5d],[00],[01],[55]
Tx:( 0) : [02] , [00], [00], [00], [00], [00], [00], [00]
Tx:( 0) : [03] , [00], [00], [00], [00], [00], [00], [00]
Tx:( 0) : [01] , [00], [00], [00], [00], [00], [00], [00]
Rx: [03],[00],[00],[ff],[5d],[00],[01],[55]
Tx:( 0) : [02] , [00], [00], [00], [00], [00], [00], [00]
Tx:( 0) : [03] , [00], [00], [00], [00], [00], [00], [00]
Tx:( 0) : [01] , [00], [00], [00], [00], [00], [00], [00]
Rx: [03],[00],[00],[00],[5d],[00],[01],[55]
Tx:( 0) : [02] , [00], [00], [00], [00], [00], [00], [00]
Tx:( 0) : [03] , [00], [00], [00], [00], [00], [00], [00]
Tx:( 0) : [01] , [00], [00], [00], [00], [00], [00], [00]
Rx: [03],[00],[00],[01],[5d],[00],[01],[55]
Tx:( 0) : [02] , [00], [00], [00], [00], [00], [00], [00]
Tx:( 0) : [03] , [00], [00], [00], [00], [00], [00], [00]
Tx:( 0) : [01] , [00], [00], [00], [00], [00], [00], [00]
Tx:( 0) : [02] , [00], [00], [00], [00], [00], [00], [00]
Tx:( 0) : [03] , [00], [00], [00], [00], [00], [00], [00]
Tx:( 0) : [01] , [00], [00], [00], [00], [00], [00], [00]
Rx: [03],[00],[00],[02],[5d],[00],[01],[55]
Tx:( 0) : [02] , [00], [00], [00], [00], [00], [00], [00]
Tx:( 0) : [03] , [00], [00], [00], [00], [00], [00], [00]
Tx:( 0) : [01] , [00], [00], [00], [00], [00], [00], [00]
Rx: [03],[00],[00],[03],[5d],[00],[02],[55]
Tx:( 0) : [02] , [00], [00], [00], [00], [00], [00], [00]
Tx:( 0) : [03] , [00], [00], [00], [00], [00], [00], [00]
Tx:( 0) : [01] , [00], [00], [00], [00], [00], [00], [00]
Rx: [03],[00],[00],[04],[5d],[00],[02],[55]
Tx:( 0) : [02] , [00], [00], [00], [00], [00], [00], [00]
Tx:( 0) : [03] , [00], [00], [00], [00], [00], [00], [00]
Tx:( 0) : [01] , [00], [00], [00], [00], [00], [00], [00]
Rx: [03],[00],[00],[05],[5d],[00],[01],[55]
Tx:( 0) : [02] , [00], [00], [00], [00], [00], [00], [00]
Tx:( 0) : [03] , [00], [00], [00], [00], [00], [00], [00]
Tx:( 0) : [01] , [00], [00], [00], [00], [00], [00], [00]
Tx:( 0) : [02] , [00], [00], [00], [00], [00], [00], [00]
Tx:( 0) : [03] , [00], [00], [00], [00], [00], [00], [00]
Tx:( 0) : [01] , [00], [00], [00], [00], [00], [00], [00]
Rx: [03],[00],[00],[06],[5d],[00],[01],[55]
Tx:( 0) : [02] , [00], [00], [00], [00], [00], [00], [00]
Tx:( 0) : [03] , [00], [00], [00], [00], [00], [00], [00]
Tx:( 0) : [01] , [00], [00], [00], [00], [00], [00], [00]
Rx: [03],[00],[00],[07],[5d],[00],[01],[55]
Tx:( 0) : [02] , [00], [00], [00], [00], [00], [00], [00]
Tx:( 0) : [03] , [00], [00], [00], [00], [00], [00], [00]
Tx:( 0) : [01] , [00], [00], [00], [00], [00], [00], [00]
Rx: [03],[00],[00],[08],[5d],[00],[01],[55]
Tx:( 0) : [02] , [00], [00], [00], [00], [00], [00], [00]
Tx:( 0) : [03] , [00], [00], [00], [00], [00], [00], [00]
Tx:( 0) : [01] , [00], [00], [00], [00], [00], [00], [00]
Rx: [03],[00],[00],[09],[5d],[00],[01],[55]
Tx:( 0) : [02] , [00], [00], [00], [00], [00], [00], [00]
Tx:( 0) : [03] , [00], [00], [00], [00], [00], [00], [00]
Tx:( 0) : [01] , [00], [00], [00], [00], [00], [00], [00]
Tx:( 0) : [02] , [00], [00], [00], [00], [00], [00], [00]
Tx:( 0) : [03] , [00], [00], [00], [00], [00], [00], [00]
Tx:( 0) : [01] , [00], [00], [00], [00], [00], [00], [00]
Rx: [03],[00],[00],[0a],[5d],[00],[01],[55]
Tx:( 0) : [02] , [00], [00], [00], [00], [00], [00], [00]
Tx:( 0) : [03] , [00], [00], [00], [00], [00], [00], [00]
Tx:( 0) : [01] , [00], [00], [00], [00], [00], [00], [00]
Rx: [03],[00],[00],[0b],[5d],[00],[01],[55]
Tx:( 0) : [02] , [00], [00], [00], [00], [00], [00], [00]
Tx:( 0) : [03] , [00], [00], [00], [00], [00], [00], [00]
Tx:( 0) : [01] , [00], [00], [00], [00], [00], [00], [00]
Rx: [03],[00],[00],[0c],[5d],[00],[01],[55]
Tx:( 0) : [02] , [00], [00], [00], [00], [00], [00], [00]
Tx:( 0) : [03] , [00], [00], [00], [00], [00], [00], [00]
Tx:( 0) : [01] , [00], [00], [00], [00], [00], [00], [00]
Rx: [03],[00],[00],[0d],[5d],[00],[01],[55]
Tx:( 0) : [02] , [00], [00], [00], [00], [00], [00], [00]
Tx:( 0) : [03] , [00], [00], [00], [00], [00], [00], [00]
Tx:( 0) : [01] , [00], [00], [00], [00], [00], [00], [00]
Tx:( 0) : [02] , [00], [00], [00], [00], [00], [00], [00]
Tx:( 0) : [03] , [00], [00], [00], [00], [00], [00], [00]
Tx:( 0) : [01] , [00], [00], [00], [00], [00], [00], [00]
Rx: [03],[00],[00],[0e],[5d],[00],[02],[55]
Tx:( 0) : [02] , [00], [00], [00], [00], [00], [00], [00]
Tx:( 0) : [03] , [00], [00], [00], [00], [00], [00], [00]
Tx:( 0) : [01] , [00], [00], [00], [00], [00], [00], [00]
Rx: [03],[00],[00],[0f],[5d],[00],[01],[55]
Tx:( 0) : [02] , [00], [00], [00], [00], [00], [00], [00]
Tx:( 0) : [03] , [00], [00], [00], [00], [00], [00], [00]
Tx:( 0) : [01] , [00], [00], [00], [00], [00], [00], [00]
Rx: [03],[00],[00],[10],[5d],[00],[01],[55]
Tx:( 0) : [02] , [00], [00], [00], [00], [00], [00], [00]
Tx:( 0) : [03] , [00], [00], [00], [00], [00], [00], [00]
Tx:( 0) : [01] , [00], [00], [00], [00], [00], [00], [00]
Rx: [03],[00],[00],[11],[5d],[00],[01],[55]
Tx:( 0) : [02] , [00], [00], [00], [00], [00], [00], [00]
Tx:( 0) : [03] , [00], [00], [00], [00], [00], [00], [00]
Tx:( 0) : [01] , [00], [00], [00], [00], [00], [00], [00]
Tx:( 0) : [02] , [00], [00], [00], [00], [00], [00], [00]
Tx:( 0) : [03] , [00], [00], [00], [00], [00], [00], [00]
Tx:( 0) : [01] , [00], [00], [00], [00], [00], [00], [00]
Rx: [03],[00],[00],[12],[5d],[00],[01],[55]
Tx:( 0) : [02] , [00], [00], [00], [00], [00], [00], [00]
Tx:( 0) : [03] , [00], [00], [00], [00], [00], [00], [00]
Tx:( 0) : [01] , [00], [00], [00], [00], [00], [00], [00]
Rx: [03],[00],[00],[13],[5d],[00],[02],[56]
Tx:( 0) : [02] , [00], [00], [00], [00], [00], [00], [00]
Tx:( 0) : [03] , [00], [00], [00], [00], [00], [00], [00]
Tx:( 0) : [01] , [00], [00], [00], [00], [00], [00], [00]
Rx: [03],[00],[00],[14],[5d],[00],[02],[56]
Tx:( 0) : [02] , [00], [00], [00], [00], [00], [00], [00]
Tx:( 0) : [03] , [00], [00], [00], [00], [00], [00], [00]
Tx:( 0) : [01] , [00], [00], [00], [00], [00], [00], [00]
Rx: [03],[00],[00],[15],[5d],[00],[02],[56]
Tx:( 0) : [02] , [00], [00], [00], [00], [00], [00], [00]
Tx:( 0) : [03] , [00], [00], [00], [00], [00], [00], [00]
Tx:( 0) : [01] , [00], [00], [00], [00], [00], [00], [00]
Tx:( 0) : [02] , [00], [00], [00], [00], [00], [00], [00]
Tx:( 0) : [03] , [00], [00], [00], [00], [00], [00], [00]
Tx:( 0) : [01] , [00], [00], [00], [00], [00], [00], [00]
Rx: [03],[00],[00],[16],[5d],[00],[02],[55]
Tx:( 0) : [02] , [00], [00], [00], [00], [00], [00], [00]
Tx:( 0) : [03] , [00], [00], [00], [00], [00], [00], [00]
Tx:( 0) : [01] , [00], [00], [00], [00], [00], [00], [00]
Rx: [03],[00],[00],[17],[5d],[00],[02],[56]
Tx:( 0) : [02] , [00], [00], [00], [00], [00], [00], [00]
Tx:( 0) : [03] , [00], [00], [00], [00], [00], [00], [00]
Tx:( 0) : [01] , [00], [00], [00], [00], [00], [00], [00]
Rx: [03],[00],[00],[18],[5d],[00],[01],[55]
Tx:( 0) : [02] , [00], [00], [00], [00], [00], [00], [00]
Tx:( 0) : [03] , [00], [00], [00], [00], [00], [00], [00]
Tx:( 0) : [01] , [00], [00], [00], [00], [00], [00], [00]
Rx: [03],[00],[00],[19],[5d],[00],[01],[55]
Tx:( 0) : [02] , [00], [00], [00], [00], [00], [00], [00]
Tx:( 0) : [03] , [00], [00], [00], [00], [00], [00], [00]
Tx:( 0) : [01] , [00], [00], [00], [00], [00], [00], [00]
Tx:( 0) : [02] , [00], [00], [00], [00], [00], [00], [00]
Tx:( 0) : [03] , [00], [00], [00], [00], [00], [00], [00]
Tx:( 0) : [01] , [00], [00], [00], [00], [00], [00], [00]
Rx: [03],[00],[00],[1a],[5d],[00],[01],[55]
Tx:( 0) : [02] , [00], [00], [00], [00], [00], [00], [00]
Tx:( 0) : [03] , [00], [00], [00], [00], [00], [00], [00]
Tx:( 0) : [01] , [00], [00], [00], [00], [00], [00], [00]
Rx: [03],[00],[00],[1b],[5d],[00],[01],[55]
Tx:( 0) : [02] , [00], [00], [00], [00], [00], [00], [00]
Tx:( 0) : [03] , [00], [00], [00], [00], [00], [00], [00]
Tx:( 0) : [01] , [00], [00], [00], [00], [00], [00], [00]
Rx: [03],[00],[00],[1c],[5d],[00],[01],[55]
Tx:( 0) : [02] , [00], [00], [00], [00], [00], [00], [00]
Tx:( 0) : [03] , [00], [00], [00], [00], [00], [00], [00]
Tx:( 0) : [01] , [00], [00], [00], [00], [00], [00], [00]
Rx: [03],[00],[00],[1d],[5d],[00],[01],[55]
Tx:( 0) : [02] , [00], [00], [00], [00], [00], [00], [00]
Tx:( 0) : [03] , [00], [00], [00], [00], [00], [00], [00]
Tx:( 0) : [01] , [00], [00], [00], [00], [00], [00], [00]
Tx:( 0) : [02] , [00], [00], [00], [00], [00], [00], [00]
Tx:( 0) : [03] , [00], [00], [00], [00], [00], [00], [00]
Tx:( 0) : [01] , [00], [00], [00], [00], [00], [00], [00]
Rx: [03],[00],[00],[1e],[5d],[00],[01],[55]
Tx:( 0) : [02] , [00], [00], [00], [00], [00], [00], [00]
Tx:( 0) : [03] , [00], [00], [00], [00], [00], [00], [00]
Tx:( 0) : [01] , [00], [00], [00], [00], [00], [00], [00]
Rx: [03],[00],[00],[1f],[5d],[00],[01],[55]
Tx:( 0) : [02] , [00], [00], [00], [00], [00], [00], [00]
Tx:( 0) : [03] , [00], [00], [00], [00], [00], [00], [00]
Tx:( 0) : [01] , [00], [00], [00], [00], [00], [00], [00]
Rx: [03],[00],[00],[20],[5d],[00],[02],[55]
Tx:( 0) : [02] , [00], [00], [00], [00], [00], [00], [00]
Tx:( 0) : [03] , [00], [00], [00], [00], [00], [00], [00]
Tx:( 0) : [01] , [00], [00], [00], [00], [00], [00], [00]
Rx: [03],[00],[00],[21],[5d],[00],[01],[55]
Tx:( 0) : [02] , [00], [00], [00], [00], [00], [00], [00]
Tx:( 0) : [03] , [00], [00], [00], [00], [00], [00], [00]
Tx:( 0) : [01] , [00], [00], [00], [00], [00], [00], [00]
Tx:( 0) : [02] , [00], [00], [00], [00], [00], [00], [00]
Tx:( 0) : [03] , [00], [00], [00], [00], [00], [00], [00]
Tx:( 0) : [01] , [00], [00], [00], [00], [00], [00], [00]
Rx: [03],[00],[00],[22],[5d],[00],[02],[55]
Tx:( 0) : [02] , [00], [00], [00], [00], [00], [00], [00]
Tx:( 0) : [03] , [00], [00], [00], [00], [00], [00], [00]
Tx:( 0) : [01] , [00], [00], [00], [00], [00], [00], [00]
Rx: [03],[00],[00],[23],[5d],[00],[01],[55]
Tx:( 0) : [02] , [00], [00], [00], [00], [00], [00], [00]
Tx:( 0) : [03] , [00], [00], [00], [00], [00], [00], [00]
Tx:( 0) : [01] , [00], [00], [00], [00], [00], [00], [00]
Rx: [03],[00],[00],[24],[5d],[00],[01],[55]
Tx:( 0) : [02] , [00], [00], [00], [00], [00], [00], [00]
Tx:( 0) : [03] , [00], [00], [00], [00], [00], [00], [00]
Tx:( 0) : [01] , [00], [00], [00], [00], [00], [00], [00]
Rx: [03],[00],[00],[25],[5d],[00],[01],[55]
Tx:( 0) : [02] , [00], [00], [00], [00], [00], [00], [00]
Tx:( 0) : [03] , [00], [00], [00], [00], [00], [00], [00]
Tx:( 0) : [01] , [00], [00], [00], [00], [00], [00], [00]
Tx:( 0) : [02] , [00], [00], [00], [00], [00], [00], [00]
Tx:( 0) : [03] , [00], [00], [00], [00], [00], [00], [00]
Tx:( 0) : [01] , [00], [00], [00], [00], [00], [00], [00]
Rx: [03],[00],[00],[26],[5d],[00],[01],[55]
Tx:( 0) : [02] , [00], [00], [00], [00], [00], [00], [00]
Tx:( 0) : [03] , [00], [00], [00], [00], [00], [00], [00]
Tx:( 0) : [01] , [00], [00], [00], [00], [00], [00], [00]
Rx: [03],[00],[00],[27],[5d],[00],[01],[55]
Tx:( 0) : [02] , [00], [00], [00], [00], [00], [00], [00]
Tx:( 0) : [03] , [00], [00], [00], [00], [00], [00], [00]
Tx:( 0) : [01] , [00], [00], [00], [00], [00], [00], [00]
Rx: [03],[00],[00],[28],[5d],[00],[02],[55]
Tx:( 0) : [02] , [00], [00], [00], [00], [00], [00], [00]
Tx:( 0) : [03] , [00], [00], [00], [00], [00], [00], [00]
Tx:( 0) : [01] , [00], [00], [00], [00], [00], [00], [00]
Rx: [03],[00],[00],[29],[5d],[00],[01],[55]
Tx:( 0) : [02] , [00], [00], [00], [00], [00], [00], [00]
Tx:( 0) : [03] , [00], [00], [00], [00], [00], [00], [00]
Tx:( 0) : [01] , [00], [00], [00], [00], [00], [00], [00]
Tx:( 0) : [02] , [00], [00], [00], [00], [00], [00], [00]
Tx:( 0) : [03] , [00], [00], [00], [00], [00], [00], [00]
Tx:( 0) : [01] , [00], [00], [00], [00], [00], [00], [00]
Rx: [03],[00],[00],[2a],[5d],[00],[01],[55]
Tx:( 0) : [02] , [00], [00], [00], [00], [00], [00], [00]
Tx:( 0) : [03] , [00], [00], [00], [00], [00], [00], [00]
Tx:( 0) : [01] , [00], [00], [00], [00], [00], [00], [00]
Rx: [03],[00],[00],[2b],[5e],[00],[01],[55]
Tx:( 0) : [02] , [00], [00], [00], [00], [00], [00], [00]
Tx:( 0) : [03] , [00], [00], [00], [00], [00], [00], [00]
Tx:( 0) : [01] , [00], [00], [00], [00], [00], [00], [00]
Rx: [03],[00],[00],[2c],[5d],[00],[01],[55]
Tx:( 0) : [02] , [00], [00], [00], [00], [00], [00], [00]
Tx:( 0) : [03] , [00], [00], [00], [00], [00], [00], [00]
Tx:( 0) : [01] , [00], [00], [00], [00], [00], [00], [00]
Rx: [03],[00],[00],[2d],[5d],[00],[01],[55]
Tx:( 0) : [02] , [00], [00], [00], [00], [00], [00], [00]
Tx:( 0) : [03] , [00], [00], [00], [00], [00], [00], [00]
Tx:( 0) : [01] , [00], [00], [00], [00], [00], [00], [00]
Tx:( 0) : [02] , [00], [00], [00], [00], [00], [00], [00]
Tx:( 0) : [03] , [00], [00], [00], [00], [00], [00], [00]
Tx:( 0) : [01] , [00], [00], [00], [00], [00], [00], [00]
Rx: [03],[00],[00],[2e],[5d],[00],[01],[55]
Tx:( 0) : [02] , [00], [00], [00], [00], [00], [00], [00]
Tx:( 0) : [03] , [00], [00], [00], [00], [00], [00], [00]
Tx:( 0) : [01] , [00], [00], [00], [00], [00], [00], [00]
Rx: [03],[00],[00],[2f],[5d],[00],[01],[55]
Tx:( 0) : [02] , [00], [00], [00], [00], [00], [00], [00]
Tx:( 0) : [03] , [00], [00], [00], [00], [00], [00], [00]
Tx:( 0) : [01] , [00], [00], [00], [00], [00], [00], [00]
Rx: [03],[00],[00],[30],[5d],[00],[01],[55]
Tx:( 0) : [02] , [00], [00], [00], [00], [00], [00], [00]
Tx:( 0) : [03] , [00], [00], [00], [00], [00], [00], [00]
Tx:( 0) : [01] , [00], [00], [00], [00], [00], [00], [00]
Rx: [03],[00],[00],[31],[5d],[00],[01],[55]
Tx:( 0) : [02] , [00], [00], [00], [00], [00], [00], [00]
Tx:( 0) : [03] , [00], [00], [00], [00], [00], [00], [00]
Tx:( 0) : [01] , [00], [00], [00], [00], [00], [00], [00]
Tx:( 0) : [02] , [00], [00], [00], [00], [00], [00], [00]
Tx:( 0) : [03] , [00], [00], [00], [00], [00], [00], [00]
Tx:( 0) : [01] , [00], [00], [00], [00], [00], [00], [00]
Rx: [03],[00],[00],[32],[5d],[00],[01],[55]
Tx:( 0) : [02] , [00], [00], [00], [00], [00], [00], [00]
Tx:( 0) : [03] , [00], [00], [00], [00], [00], [00], [00]
Tx:( 0) : [01] , [00], [00], [00], [00], [00], [00], [00]
Rx: [03],[00],[00],[33],[5d],[00],[01],[55]
Tx:( 0) : [02] , [00], [00], [00], [00], [00], [00], [00]
Tx:( 0) : [03] , [00], [00], [00], [00], [00], [00], [00]
Tx:( 0) : [01] , [00], [00], [00], [00], [00], [00], [00]
Rx: [03],[00],[00],[34],[5d],[00],[01],[55]
Tx:( 0) : [02] , [00], [00], [00], [00], [00], [00], [00]
Tx:( 0) : [03] , [00], [00], [00], [00], [00], [00], [00]
Tx:( 0) : [01] , [00], [00], [00], [00], [00], [00], [00]
Rx: [03],[00],[00],[35],[5d],[00],[01],[55]
Tx:( 0) : [02] , [00], [00], [00], [00], [00], [00], [00]
Tx:( 0) : [03] , [00], [00], [00], [00], [00], [00], [00]
Tx:( 0) : [01] , [00], [00], [00], [00], [00], [00], [00]
Tx:( 0) : [02] , [00], [00], [00], [00], [00], [00], [00]
Tx:( 0) : [03] , [00], [00], [00], [00], [00], [00], [00]
Tx:( 0) : [01] , [00], [00], [00], [00], [00], [00], [00]
Rx: [03],[00],[00],[36],[5d],[00],[01],[55]
Tx:( 0) : [02] , [00], [00], [00], [00], [00], [00], [00]
Tx:( 0) : [03] , [00], [00], [00], [00], [00], [00], [00]
Tx:( 0) : [01] , [00], [00], [00], [00], [00], [00], [00]
Rx: [03],[00],[00],[37],[5d],[00],[01],[55]
Tx:( 0) : [02] , [00], [00], [00], [00], [00], [00], [00]
Tx:( 0) : [03] , [00], [00], [00], [00], [00], [00], [00]
Tx:( 0) : [01] , [00], [00], [00], [00], [00], [00], [00]
Rx: [03],[00],[00],[38],[5d],[00],[01],[55]
Tx:( 0) : [02] , [00], [00], [00], [00], [00], [00], [00]
Tx:( 0) : [03] , [00], [00], [00], [00], [00], [00], [00]
Tx:( 0) : [01] , [00], [00], [00], [00], [00], [00], [00]
Rx: [03],[00],[00],[39],[5d],[00],[01],[55]
Tx:( 0) : [02] , [00], [00], [00], [00], [00], [00], [00]
Tx:( 0) : [03] , [00], [00], [00], [00], [00], [00], [00]
Tx:( 0) : [01] , [00], [00], [00], [00], [00], [00], [00]
Tx:( 0) : [02] , [00], [00], [00], [00], [00], [00], [00]
Tx:( 0) : [03] , [00], [00], [00], [00], [00], [00], [00]
Tx:( 0) : [01] , [00], [00], [00], [00], [00], [00], [00]
Rx: [03],[00],[00],[3a],[5d],[00],[01],[55]
Tx:( 0) : [02] , [00], [00], [00], [00], [00], [00], [00]
Tx:( 0) : [03] , [00], [00], [00], [00], [00], [00], [00]
Tx:( 0) : [01] , [00], [00], [00], [00], [00], [00], [00]
Rx: [03],[00],[00],[3b],[5d],[00],[01],[55]
Tx:( 0) : [02] , [00], [00], [00], [00], [00], [00], [00]
Tx:( 0) : [03] , [00], [00], [00], [00], [00], [00], [00]
Tx:( 0) : [01] , [00], [00], [00], [00], [00], [00], [00]
Rx: [03],[00],[00],[3c],[5d],[00],[01],[55]
Tx:( 0) : [02] , [00], [00], [00], [00], [00], [00], [00]
Tx:( 0) : [03] , [00], [00], [00], [00], [00], [00], [00]
Tx:( 0) : [01] , [00], [00], [00], [00], [00], [00], [00]
Rx: [03],[00],[00],[3d],[5d],[00],[01],[55]
Tx:( 0) : [02] , [00], [00], [00], [00], [00], [00], [00]
Tx:( 0) : [03] , [00], [00], [00], [00], [00], [00], [00]
Tx:( 0) : [01] , [00], [00], [00], [00], [00], [00], [00]
Tx:( 0) : [02] , [00], [00], [00], [00], [00], [00], [00]
Tx:( 0) : [03] , [00], [00], [00], [00], [00], [00], [00]
Tx:( 0) : [01] , [00], [00], [00], [00], [00], [00], [00]
Tx:( 0) : [02] , [00], [00], [00], [00], [00], [00], [00]
Tx:( 0) : [03] , [00], [00], [00], [00], [00], [00], [00]
Tx:( 0) : [01] , [00], [00], [00], [00], [00], [00], [00]
Rx: [03],[00],[00],[3f],[5d],[00],[01],[55]
Tx:( 0) : [02] , [00], [00], [00], [00], [00], [00], [00]
Tx:( 0) : [03] , [00], [00], [00], [00], [00], [00], [00]
Tx:( 0) : [01] , [00], [00], [00], [00], [00], [00], [00]
Rx: [03],[00],[00],[40],[5d],[00],[01],[55]
Tx:( 0) : [02] , [00], [00], [00], [00], [00], [00], [00]
Tx:( 0) : [03] , [00], [00], [00], [00], [00], [00], [00]
Tx:( 0) : [01] , [00], [00], [00], [00], [00], [00], [00]
Rx: [03],[00],[00],[41],[5e],[00],[01],[55]
Tx:( 0) : [02] , [00], [00], [00], [00], [00], [00], [00]
Tx:( 0) : [03] , [00], [00], [00], [00], [00], [00], [00]
Tx:( 0) : [01] , [00], [00], [00], [00], [00], [00], [00]
Tx:( 0) : [02] , [00], [00], [00], [00], [00], [00], [00]
Tx:( 0) : [03] , [00], [00], [00], [00], [00], [00], [00]
Tx:( 0) : [01] , [00], [00], [00], [00], [00], [00], [00]
Rx: [03],[00],[00],[42],[5d],[00],[01],[55]
Tx:( 0) : [02] , [00], [00], [00], [00], [00], [00], [00]
Tx:( 0) : [03] , [00], [00], [00], [00], [00], [00], [00]
Tx:( 0) : [01] , [00], [00], [00], [00], [00], [00], [00]
Rx: [03],[00],[00],[43],[5d],[00],[01],[55]
Tx:( 0) : [02] , [00], [00], [00], [00], [00], [00], [00]
Tx:( 0) : [03] , [00], [00], [00], [00], [00], [00], [00]
Tx:( 0) : [01] , [00], [00], [00], [00], [00], [00], [00]
Rx: [03],[00],[00],[44],[5d],[00],[01],[55]
Tx:( 0) : [02] , [00], [00], [00], [00], [00], [00], [00]
Tx:( 0) : [03] , [00], [00], [00], [00], [00], [00], [00]
Tx:( 0) : [01] , [00], [00], [00], [00], [00], [00], [00]
Rx: [03],[00],[00],[45],[5d],[00],[01],[55]
Tx:( 0) : [02] , [00], [00], [00], [00], [00], [00], [00]
Tx:( 0) : [03] , [00], [00], [00], [00], [00], [00], [00]
Tx:( 0) : [01] , [00], [00], [00], [00], [00], [00], [00]
Tx:( 0) : [02] , [00], [00], [00], [00], [00], [00], [00]
Tx:( 0) : [03] , [00], [00], [00], [00], [00], [00], [00]
Tx:( 0) : [01] , [00], [00], [00], [00], [00], [00], [00]
Rx: [03],[00],[00],[46],[5d],[00],[01],[55]
Tx:( 0) : [02] , [00], [00], [00], [00], [00], [00], [00]
Tx:( 0) : [03] , [00], [00], [00], [00], [00], [00], [00]
Tx:( 0) : [01] , [00], [00], [00], [00], [00], [00], [00]
Rx: [03],[00],[00],[47],[5d],[00],[01],[55]
Tx:( 0) : [02] , [00], [00], [00], [00], [00], [00], [00]
Tx:( 0) : [03] , [00], [00], [00], [00], [00], [00], [00]
Tx:( 0) : [01] , [00], [00], [00], [00], [00], [00], [00]
Rx: [03],[00],[00],[48],[5d],[00],[01],[55]
Tx:( 0) : [02] , [00], [00], [00], [00], [00], [00], [00]
Tx:( 0) : [03] , [00], [00], [00], [00], [00], [00], [00]
Tx:( 0) : [01] , [00], [00], [00], [00], [00], [00], [00]
Rx: [03],[00],[00],[49],[5d],[00],[01],[55]
Tx:( 0) : [02] , [00], [00], [00], [00], [00], [00], [00]
Tx:( 0) : [03] , [00], [00], [00], [00], [00], [00], [00]
Tx:( 0) : [01] , [00], [00], [00], [00], [00], [00], [00]
Tx:( 0) : [02] , [00], [00], [00], [00], [00], [00], [00]
Tx:( 0) : [03] , [00], [00], [00], [00], [00], [00], [00]
Tx:( 0) : [01] , [00], [00], [00], [00], [00], [00], [00]
Rx: [03],[00],[00],[4a],[5d],[00],[01],[55]
Tx:( 0) : [02] , [00], [00], [00], [00], [00], [00], [00]
Tx:( 0) : [03] , [00], [00], [00], [00], [00], [00], [00]
Tx:( 0) : [01] , [00], [00], [00], [00], [00], [00], [00]
Rx: [03],[00],[00],[4b],[5d],[00],[01],[55]
Tx:( 0) : [02] , [00], [00], [00], [00], [00], [00], [00]
Tx:( 0) : [03] , [00], [00], [00], [00], [00], [00], [00]
Tx:( 0) : [01] , [00], [00], [00], [00], [00], [00], [00]
Rx: [03],[00],[00],[4c],[5d],[00],[01],[55]
Tx:( 0) : [02] , [00], [00], [00], [00], [00], [00], [00]
Tx:( 0) : [03] , [00], [00], [00], [00], [00], [00], [00]
Tx:( 0) : [01] , [00], [00], [00], [00], [00], [00], [00]
Rx: [03],[00],[00],[4d],[5d],[00],[01],[55]
Tx:( 0) : [02] , [00], [00], [00], [00], [00], [00], [00]
Tx:( 0) : [03] , [00], [00], [00], [00], [00], [00], [00]
Tx:( 0) : [01] , [00], [00], [00], [00], [00], [00], [00]
Tx:( 0) : [02] , [00], [00], [00], [00], [00], [00], [00]
Tx:( 0) : [03] , [00], [00], [00], [00], [00], [00], [00]
Tx:( 0) : [01] , [00], [00], [00], [00], [00], [00], [00]
Rx: [03],[00],[00],[4e],[5d],[00],[01],[55]
Tx:( 0) : [02] , [00], [00], [00], [00], [00], [00], [00]
Tx:( 0) : [03] , [00], [00], [00], [00], [00], [00], [00]
Tx:( 0) : [01] , [00], [00], [00], [00], [00], [00], [00]
Rx: [03],[00],[00],[4f],[5d],[00],[01],[55]
Tx:( 0) : [02] , [00], [00], [00], [00], [00], [00], [00]
Tx:( 0) : [03] , [00], [00], [00], [00], [00], [00], [00]
Tx:( 0) : [01] , [00], [00], [00], [00], [00], [00], [00]
Rx: [03],[00],[00],[50],[5d],[00],[01],[55]
Tx:( 0) : [02] , [00], [00], [00], [00], [00], [00], [00]
Tx:( 0) : [03] , [00], [00], [00], [00], [00], [00], [00]
Tx:( 0) : [01] , [00], [00], [00], [00], [00], [00], [00]
Rx: [03],[00],[00],[51],[5d],[00],[02],[55]
Tx:( 0) : [02] , [00], [00], [00], [00], [00], [00], [00]
Tx:( 0) : [03] , [00], [00], [00], [00], [00], [00], [00]
Tx:( 0) : [01] , [00], [00], [00], [00], [00], [00], [00]
Rx: [03],[00],[00],[52],[5d],[00],[01],[55]
Tx:( 0) : [02] , [00], [00], [00], [00], [00], [00], [00]
Tx:( 0) : [03] , [00], [00], [00], [00], [00], [00], [00]
Tx:( 0) : [01] , [00], [00], [00], [00], [00], [00], [00]
Tx:( 0) : [02] , [00], [00], [00], [00], [00], [00], [00]
Tx:( 0) : [03] , [00], [00], [00], [00], [00], [00], [00]
Tx:( 0) : [01] , [00], [00], [00], [00], [00], [00], [00]
Rx: [03],[00],[00],[53],[5d],[00],[01],[55]
Tx:( 0) : [02] , [00], [00], [00], [00], [00], [00], [00]
Tx:( 0) : [03] , [00], [00], [00], [00], [00], [00], [00]
Tx:( 0) : [01] , [00], [00], [00], [00], [00], [00], [00]
Rx: [03],[00],[00],[54],[5d],[00],[01],[55]
Tx:( 0) : [02] , [00], [00], [00], [00], [00], [00], [00]
Tx:( 0) : [03] , [00], [00], [00], [00], [00], [00], [00]
Tx:( 0) : [01] , [00], [00], [00], [00], [00], [00], [00]
Rx: [03],[00],[00],[55],[5d],[00],[01],[55]
Tx:( 0) : [02] , [00], [00], [00], [00], [00], [00], [00]
Tx:( 0) : [03] , [00], [00], [00], [00], [00], [00], [00]
Tx:( 0) : [01] , [00], [00], [00], [00], [00], [00], [00]
Rx: [03],[00],[00],[56],[5d],[00],[01],[55]
Tx:( 0) : [02] , [00], [00], [00], [00], [00], [00], [00]
Tx:( 0) : [03] , [00], [00], [00], [00], [00], [00], [00]
Tx:( 0) : [01] , [00], [00], [00], [00], [00], [00], [00]
Tx:( 0) : [02] , [00], [00], [00], [00], [00], [00], [00]
Tx:( 0) : [03] , [00], [00], [00], [00], [00], [00], [00]
Tx:( 0) : [01] , [00], [00], [00], [00], [00], [00], [00]
Rx: [03],[00],[00],[57],[5d],[00],[01],[55]
Tx:( 0) : [02] , [00], [00], [00], [00], [00], [00], [00]
Tx:( 0) : [03] , [00], [00], [00], [00], [00], [00], [00]
Tx:( 0) : [01] , [00], [00], [00], [00], [00], [00], [00]
Rx: [03],[00],[00],[58],[5d],[00],[01],[55]
Tx:( 0) : [02] , [00], [00], [00], [00], [00], [00], [00]
Tx:( 0) : [03] , [00], [00], [00], [00], [00], [00], [00]
Tx:( 0) : [01] , [00], [00], [00], [00], [00], [00], [00]
Rx: [03],[00],[00],[59],[5d],[00],[01],[55]
Tx:( 0) : [02] , [00], [00], [00], [00], [00], [00], [00]
Tx:( 0) : [03] , [00], [00], [00], [00], [00], [00], [00]
Tx:( 0) : [01] , [00], [00], [00], [00], [00], [00], [00]
Rx: [03],[00],[00],[5a],[5d],[00],[01],[55]
Tx:( 0) : [02] , [00], [00], [00], [00], [00], [00], [00]
Tx:( 0) : [03] , [00], [00], [00], [00], [00], [00], [00]
Tx:( 0) : [01] , [00], [00], [00], [00], [00], [00], [00]
Tx:( 0) : [02] , [00], [00], [00], [00], [00], [00], [00]
Tx:( 0) : [03] , [00], [00], [00], [00], [00], [00], [00]
Tx:( 0) : [01] , [00], [00], [00], [00], [00], [00], [00]
Rx: [03],[00],[00],[5b],[5d],[00],[01],[55]
Tx:( 0) : [02] , [00], [00], [00], [00], [00], [00], [00]
Tx:( 0) : [03] , [00], [00], [00], [00], [00], [00], [00]
Tx:( 0) : [01] , [00], [00], [00], [00], [00], [00], [00]
Rx: [03],[00],[00],[5c],[5d],[00],[01],[55]
Tx:( 0) : [02] , [00], [00], [00], [00], [00], [00], [00]
Tx:( 0) : [03] , [00], [00], [00], [00], [00], [00], [00]
Tx:( 0) : [01] , [00], [00], [00], [00], [00], [00], [00]
Rx: [03],[00],[00],[5d],[5d],[00],[01],[55]
Tx:( 0) : [02] , [00], [00], [00], [00], [00], [00], [00]
Tx:( 0) : [03] , [00], [00], [00], [00], [00], [00], [00]
Tx:( 0) : [01] , [00], [00], [00], [00], [00], [00], [00]
Rx: [03],[00],[00],[5e],[5d],[00],[01],[55]
Tx:( 0) : [02] , [00], [00], [00], [00], [00], [00], [00]
Tx:( 0) : [03] , [00], [00], [00], [00], [00], [00], [00]
Tx:( 0) : [01] , [00], [00], [00], [00], [00], [00], [00]
Tx:( 0) : [02] , [00], [00], [00], [00], [00], [00], [00]
Tx:( 0) : [03] , [00], [00], [00], [00], [00], [00], [00]
Tx:( 0) : [01] , [00], [00], [00], [00], [00], [00], [00]
Rx: [03],[00],[00],[5f],[5d],[00],[01],[55]
Tx:( 0) : [02] , [00], [00], [00], [00], [00], [00], [00]
Tx:( 0) : [03] , [00], [00], [00], [00], [00], [00], [00]
Tx:( 0) : [01] , [00], [00], [00], [00], [00], [00], [00]
Rx: [03],[00],[00],[60],[5d],[00],[01],[55]
Tx:( 0) : [02] , [00], [00], [00], [00], [00], [00], [00]
Tx:( 0) : [03] , [00], [00], [00], [00], [00], [00], [00]
Tx:( 0) : [01] , [00], [00], [00], [00], [00], [00], [00]
Rx: [03],[00],[00],[61],[5d],[00],[01],[55]
Tx:( 0) : [02] , [00], [00], [00], [00], [00], [00], [00]
Tx:( 0) : [03] , [00], [00], [00], [00], [00], [00], [00]
Tx:( 0) : [01] , [00], [00], [00], [00], [00], [00], [00]
Rx: [03],[00],[00],[62],[5d],[00],[01],[55]
Tx:( 0) : [02] , [00], [00], [00], [00], [00], [00], [00]
Tx:( 0) : [03] , [00], [00], [00], [00], [00], [00], [00]
Tx:( 0) : [01] , [00], [00], [00], [00], [00], [00], [00]
Tx:( 0) : [02] , [00], [00], [00], [00], [00], [00], [00]
Tx:( 0) : [03] , [00], [00], [00], [00], [00], [00], [00]
Tx:( 0) : [01] , [00], [00], [00], [00], [00], [00], [00]
Rx: [03],[00],[00],[63],[5e],[00],[01],[55]
Tx:( 0) : [02] , [00], [00], [00], [00], [00], [00], [00]
Tx:( 0) : [03] , [00], [00], [00], [00], [00], [00], [00]
Tx:( 0) : [01] , [00], [00], [00], [00], [00], [00], [00]
Rx: [03],[00],[00],[64],[5d],[00],[01],[55]
Tx:( 0) : [02] , [00], [00], [00], [00], [00], [00], [00]
Tx:( 0) : [03] , [00], [00], [00], [00], [00], [00], [00]
Tx:( 0) : [01] , [00], [00], [00], [00], [00], [00], [00]
Tx:( 0) : [02] , [00], [00], [00], [00], [00], [00], [00]
Tx:( 0) : [03] , [00], [00], [00], [00], [00], [00], [00]
Tx:( 0) : [01] , [00], [00], [00], [00], [00], [00], [00]
Tx:( 0) : [02] , [00], [00], [00], [00], [00], [00], [00]
Tx:( 0) : [03] , [00], [00], [00], [00], [00], [00], [00]
Tx:( 0) : [01] , [00], [00], [00], [00], [00], [00], [00]
Tx:( 0) : [02] , [00], [00], [00], [00], [00], [00], [00]
Tx:( 0) : [03] , [00], [00], [00], [00], [00], [00], [00]
Tx:( 0) : [01] , [00], [00], [00], [00], [00], [00], [00]
Tx:( 0) : [02] , [00], [00], [00], [00], [00], [00], [00]
Tx:( 0) : [03] , [00], [00], [00], [00], [00], [00], [00]
Tx:( 0) : [01] , [00], [00], [00], [00], [00], [00], [00]
Tx:( 0) : [02] , [00], [00], [00], [00], [00], [00], [00]
Tx:( 0) : [03] , [00], [00], [00], [00], [00], [00], [00]
Tx:( 0) : [01] , [00], [00], [00], [00], [00], [00], [00]
Tx:( 0) : [02] , [00], [00], [00], [00], [00], [00], [00]
Tx:( 0) : [03] , [00], [00], [00], [00], [00], [00], [00]
Tx:( 0) : [01] , [00], [00], [00], [00], [00], [00], [00]
Tx:( 0) : [02] , [00], [00], [00], [00], [00], [00], [00]
Tx:( 0) : [03] , [00], [00], [00], [00], [00], [00], [00]
Tx:( 0) : [01] , [00], [00], [00], [00], [00], [00], [00]
Tx:( 0) : [02] , [00], [00], [00], [00], [00], [00], [00]
Tx:( 0) : [03] , [00], [00], [00], [00], [00], [00], [00]
Tx:( 0) : [01] , [00], [00], [00], [00], [00], [00], [00]
Tx:( 0) : [02] , [00], [00], [00], [00], [00], [00], [00]
Tx:( 0) : [03] , [00], [00], [00], [00], [00], [00], [00]
Tx:( 0) : [01] , [00], [00], [00], [00], [00], [00], [00]
Tx:( 0) : [02] , [00], [00], [00], [00], [00], [00], [00]
Tx:( 0) : [03] , [00], [00], [00], [00], [00], [00], [00]
Tx:( 0) : [01] , [00], [00], [00], [00], [00], [00], [00]
Tx:( 0) : [02] , [00], [00], [00], [00], [00], [00], [00]
Tx:( 0) : [03] , [00], [00], [00], [00], [00], [00], [00]
Tx:( 0) : [01] , [00], [00], [00], [00], [00], [00], [00]
Tx:( 0) : [02] , [00], [00], [00], [00], [00], [00], [00]
Tx:( 0) : [03] , [00], [00], [00], [00], [00], [00], [00]
Tx:( 0) : [01] , [00], [00], [00], [00], [00], [00], [00]
Tx:( 0) : [02] , [00], [00], [00], [00], [00], [00], [00]
Tx:( 0) : [03] , [00], [00], [00], [00], [00], [00], [00]
Tx:( 0) : [01] , [00], [00], [00], [00], [00], [00], [00]
Tx:( 0) : [02] , [00], [00], [00], [00], [00], [00], [00]
Tx:( 0) : [03] , [00], [00], [00], [00], [00], [00], [00]
Tx:( 0) : [01] , [00], [00], [00], [00], [00], [00], [00]
Tx:( 0) : [02] , [00], [00], [00], [00], [00], [00], [00]
Tx:( 0) : [03] , [00], [00], [00], [00], [00], [00], [00]
