Rx: [02],[14],[00],[99],[57],[00],[01],[5c]
Rx: [02],[14],[00],[00],[57],[00],[00],[5b]
Rx: [02],[14],[00],[01],[57],[00],[00],[5b]
Rx: [02],[14],[00],[02],[57],[00],[01],[5b]
Rx: [02],[14],[00],[03],[57],[00],[00],[5c]
Rx: [02],[13],[00],[04],[57],[00],[01],[5b]
Rx: [02],[15],[00],[05],[57],[00],[00],[5b]
Rx: [02],[15],[00],[06],[57],[00],[01],[5b]
Rx: [02],[14],[00],[07],[57],[00],[00],[5b]
Rx: [02],[14],[00],[08],[57],[00],[01],[5b]
Rx: [02],[13],[00],[09],[57],[00],[01],[5b]
Rx: [02],[14],[00],[0a],[57],[00],[01],[5b]
Rx: [02],[15],[00],[0b],[57],[00],[01],[5b]
Rx: [02],[14],[00],[0c],[57],[00],[01],[5b]
Rx: [02],[14],[00],[0d],[57],[00],[01],[5b]
Rx: [02],[15],[00],[0e],[57],[00],[01],[5b]
Rx: [02],[14],[00],[0f],[57],[00],[01],[5b]
Rx: [02],[14],[00],[10],[57],[00],[01],[5b]
Rx: [02],[15],[00],[11],[57],[00],[01],[5b]
Rx: [02],[14],[00],[12],[57],[00],[01],[5b]
Rx: [02],[15],[00],[13],[57],[00],[01],[5b]
Rx: [02],[15],[00],[14],[57],[00],[01],[5b]
Rx: [02],[13],[00],[15],[57],[00],[01],[5b]
Rx: [02],[13],[00],[16],[57],[00],[01],[5b]
Rx: [02],[14],[00],[17],[57],[00],[01],[5b]
Rx: [02],[15],[00],[18],[57],[00],[01],[5b]
Rx: [02],[14],[00],[19],[57],[00],[01],[5b]
Rx: [02],[13],[00],[1a],[57],[00],[01],[5b]
Rx: [02],[15],[00],[1b],[57],[00],[01],[5b]
Rx: [02],[15],[00],[1c],[58],[00],[01],[5b]
Rx: [02],[13],[00],[1d],[58],[00],[01],[5b]
Rx: [02],[14],[00],[1e],[58],[00],[01],[5b]
Rx: [02],[13],[00],[1f],[58],[00],[01],[5b]
Rx: [02],[14],[00],[20],[58],[00],[01],[5b]
Rx: [02],[14],[00],[21],[58],[00],[01],[5b]
Rx: [02],[14],[00],[22],[58],[00],[01],[5b]
Rx: [02],[14],[00],[23],[58],[00],[01],[5b]
Rx: [02],[14],[00],[24],[58],[00],[01],[5b]
Rx: [02],[13],[00],[25],[58],[00],[01],[5b]
Rx: [02],[13],[00],[27],[58],[00],[01],[5b]
Rx: [02],[13],[00],[28],[58],[00],[00],[5b]
Rx: [02],[14],[00],[29],[58],[00],[00],[5b]
Rx: [02],[13],[00],[2a],[58],[00],[00],[5b]
Rx: [02],[14],[00],[2b],[58],[00],[00],[5b]
Rx: [02],[14],[00],[2c],[58],[00],[00],[5b]
Rx: [02],[15],[00],[2d],[58],[00],[00],[5b]
Rx: [02],[14],[00],[2e],[58],[00],[00],[5b]
Rx: [02],[14],[00],[2f],[58],[00],[00],[5b]
Rx: [02],[14],[00],[30],[58],[00],[00],[5b]
Rx: [02],[15],[00],[31],[58],[00],[00],[5b]
Rx: [02],[14],[00],[32],[58],[00],[00],[5b]
Rx: [02],[14],[00],[33],[58],[00],[00],[5b]
Rx: [02],[14],[00],[34],[58],[00],[00],[5b]
Rx: [02],[15],[00],[35],[58],[00],[00],[5b]
Rx: [02],[14],[00],[36],[58],[00],[00],[5b]
Rx: [02],[14],[00],[37],[58],[00],[01],[5b]
Rx: [02],[14],[00],[38],[58],[00],[01],[5b]
Rx: [02],[14],[00],[39],[58],[00],[01],[5b]
Rx: [02],[15],[00],[3c],[58],[00],[01],[5b]
Rx: [02],[13],[00],[3d],[58],[00],[01],[5b]
Rx: [02],[14],[00],[3e],[58],[00],[00],[5b]
Rx: [02],[14],[00],[3f],[58],[00],[00],[5b]
Rx: [02],[14],[00],[40],[58],[00],[00],[5b]
Rx: [02],[14],[00],[41],[58],[00],[00],[5b]
Rx: [02],[14],[00],[42],[58],[00],[00],[5b]
Rx: [02],[14],[00],[43],[58],[00],[00],[5b]
Rx: [02],[14],[00],[44],[58],[00],[00],[5b]
Rx: [02],[14],[00],[45],[58],[00],[00],[5b]
Rx: [02],[13],[00],[46],[58],[00],[00],[5b]
Rx: [02],[13],[00],[47],[58],[00],[00],[5b]
Rx: [02],[14],[00],[48],[58],[00],[00],[5b]
Rx: [02],[15],[00],[49],[58],[00],[00],[5b]
Rx: [02],[14],[00],[4a],[58],[00],[01],[5b]
Rx: [02],[14],[00],[4b],[58],[00],[01],[5b]
Rx: [02],[14],[00],[4c],[58],[00],[01],[5b]
Rx: [02],[13],[00],[4d],[58],[00],[01],[5b]
Rx: [02],[13],[00],[4e],[58],[00],[01],[5b]
Rx: [02],[13],[00],[4f],[58],[00],[01],[5b]
Rx: [02],[13],[00],[50],[58],[00],[01],[5b]
Rx: [02],[14],[00],[51],[58],[00],[01],[5b]
Rx: [02],[14],[00],[52],[58],[00],[01],[5b]
Rx: [02],[14],[00],[53],[58],[00],[01],[5b]
Rx: [02],[14],[00],[54],[58],[00],[01],[5b]
Rx: [02],[13],[00],[55],[58],[00],[00],[5b]
Rx: [02],[14],[00],[56],[58],[00],[00],[5b]
Rx: [02],[14],[00],[57],[58],[00],[00],[5b]
Rx: [02],[14],[00],[58],[57],[00],[00],[5b]
Rx: [02],[14],[00],[59],[57],[00],[00],[5b]
Rx: [02],[14],[00],[5a],[57],[00],[00],[5b]
Rx: [02],[13],[00],[5b],[57],[00],[00],[5b]
Rx: [02],[14],[00],[5c],[57],[00],[00],[5b]
Rx: [02],[14],[00],[5d],[58],[00],[00],[5b]
Rx: [02],[13],[00],[5e],[57],[00],[00],[5b]
Rx: [02],[13],[00],[5f],[58],[00],[00],[5b]
Rx: [02],[14],[00],[60],[58],[00],[00],[5b]
Rx: [02],[14],[00],[61],[58],[00],[00],[5b]
Rx: [02],[14],[00],[62],[58],[00],[00],[5b]
Rx: [02],[13],[00],[64],[57],[00],[00],[5b]
Rx: [02],[15],[00],[65],[57],[00],[00],[5b]
Rx: [02],[14],[00],[66],[57],[00],[00],[5b]
Rx: [02],[14],[00],[67],[57],[00],[00],[5b]
Rx: [02],[14],[00],[68],[57],[00],[00],[5b]
Rx: [02],[13],[00],[69],[57],[00],[00],[5b]
Rx: [02],[14],[00],[6a],[57],[00],[00],[5b]
Rx: [02],[13],[00],[6b],[57],[00],[00],[5b]
Rx: [02],[14],[00],[6c],[57],[00],[00],[5b]
Rx: [02],[13],[00],[6d],[58],[00],[00],[5b]
Rx: [02],[14],[00],[6e],[57],[00],[00],[5b]
Rx: [02],[14],[00],[6f],[57],[00],[00],[5b]
Rx: [02],[15],[00],[70],[57],[00],[00],[5b]
