Tx:( 0) : [01] , [00], [00], [00], [00], [00], [00], [00]
Tx:( 0) : [02] , [00], [00], [00], [00], [00], [00], [00]
Rx: [01],[01],[01],[01],[01],[01],[01],[01]
Tx:( 0) : [03] , [00], [00], [00], [00], [00], [00], [00]
Tx:( 0) : [01] , [00], [00], [00], [00], [00], [00], [00]
Tx:( 0) : [02] , [00], [00], [00], [00], [00], [00], [00]
Rx: [01],[7b],[00],[01],[7e],[fc],[08],[0a]
Tx:( 0) : [03] , [00], [00], [00], [00], [00], [00], [00]
Rx: [02],[10],[00],[01],[7d],[02],[fe],[12]
Tx:( 0) : [01] , [00], [00], [00], [00], [00], [00], [00]
Tx:( 0) : [02] , [00], [00], [00], [00], [00], [00], [00]
Tx:( 0) : [03] , [00], [00], [00], [00], [00], [00], [00]
Rx: [02],[10],[00],[02],[7d],[02],[fe],[13]
Tx:( 0) : [01] , [00], [00], [00], [00], [00], [00], [00]
Tx:( 0) : [02] , [00], [00], [00], [00], [00], [00], [00]
Rx: [01],[7c],[00],[02],[7e],[fc],[08],[0b]
Tx:( 0) : [03] , [00], [00], [00], [00], [00], [00], [00]
Tx:( 0) : [01] , [00], [00], [00], [00], [00], [00], [00]
Tx:( 0) : [02] , [00], [00], [00], [00], [00], [00], [00]
Rx: [01],[7b],[00],[03],[7d],[fb],[08],[0c]
Tx:( 0) : [03] , [00], [00], [00], [00], [00], [00], [00]
Rx: [02],[10],[00],[03],[7d],[02],[fe],[15]
Tx:( 0) : [01] , [00], [00], [00], [00], [00], [00], [00]
Tx:( 0) : [02] , [00], [00], [00], [00], [00], [00], [00]
Rx: [01],[7b],[00],[04],[7d],[fb],[09],[0d]
Tx:( 0) : [03] , [00], [00], [00], [00], [00], [00], [00]
Rx: [02],[11],[00],[04],[7c],[03],[fe],[16]
Tx:( 0) : [01] , [00], [00], [00], [00], [00], [00], [00]
Tx:( 0) : [02] , [00], [00], [00], [00], [00], [00], [00]
Tx:( 0) : [03] , [00], [00], [00], [00], [00], [00], [00]
Tx:( 0) : [01] , [00], [00], [00], [00], [00], [00], [00]
Tx:( 0) : [02] , [00], [00], [00], [00], [00], [00], [00]
Rx: [01],[7b],[00],[05],[7d],[fb],[0a],[0e]
Tx:( 0) : [03] , [00], [00], [00], [00], [00], [00], [00]
Rx: [02],[10],[00],[05],[7c],[03],[fe],[18]
Tx:( 0) : [01] , [00], [00], [00], [00], [00], [00], [00]
Tx:( 0) : [02] , [00], [00], [00], [00], [00], [00], [00]
Rx: [01],[7b],[00],[06],[7d],[fa],[0a],[0f]
Tx:( 0) : [03] , [00], [00], [00], [00], [00], [00], [00]
Rx: [02],[11],[00],[06],[7c],[03],[fe],[19]
Tx:( 0) : [01] , [00], [00], [00], [00], [00], [00], [00]
Tx:( 0) : [02] , [00], [00], [00], [00], [00], [00], [00]
Tx:( 0) : [03] , [00], [00], [00], [00], [00], [00], [00]
Rx: [02],[10],[00],[07],[7c],[03],[fe],[1a]
Tx:( 0) : [01] , [00], [00], [00], [00], [00], [00], [00]
Tx:( 0) : [02] , [00], [00], [00], [00], [00], [00], [00]
Rx: [01],[7b],[00],[07],[7d],[fa],[0b],[10]
Tx:( 0) : [03] , [00], [00], [00], [00], [00], [00], [00]
Tx:( 0) : [01] , [00], [00], [00], [00], [00], [00], [00]
Tx:( 0) : [02] , [00], [00], [00], [00], [00], [00], [00]
Rx: [01],[7b],[00],[08],[7d],[fa],[0b],[11]
Tx:( 0) : [03] , [00], [00], [00], [00], [00], [00], [00]
Rx: [02],[0f],[00],[08],[7b],[03],[fe],[1b]
Tx:( 0) : [01] , [00], [00], [00], [00], [00], [00], [00]
Tx:( 0) : [02] , [00], [00], [00], [00], [00], [00], [00]
Rx: [01],[7b],[00],[09],[7c],[f9],[0b],[12]
Tx:( 0) : [03] , [00], [00], [00], [00], [00], [00], [00]
Rx: [02],[11],[00],[09],[7b],[03],[fe],[1c]
Tx:( 0) : [01] , [00], [00], [00], [00], [00], [00], [00]
Tx:( 0) : [02] , [00], [00], [00], [00], [00], [00], [00]
Tx:( 0) : [03] , [00], [00], [00], [00], [00], [00], [00]
Rx: [02],[10],[00],[0a],[7b],[03],[fe],[1e]
Tx:( 0) : [01] , [00], [00], [00], [00], [00], [00], [00]
Tx:( 0) : [02] , [00], [00], [00], [00], [00], [00], [00]
Rx: [01],[7b],[00],[0a],[7c],[f9],[0c],[13]
Tx:( 0) : [03] , [00], [00], [00], [00], [00], [00], [00]
Tx:( 0) : [01] , [00], [00], [00], [00], [00], [00], [00]
Tx:( 0) : [02] , [00], [00], [00], [00], [00], [00], [00]
Rx: [01],[7b],[00],[0b],[7c],[f8],[0c],[14]
Tx:( 0) : [03] , [00], [00], [00], [00], [00], [00], [00]
Rx: [02],[10],[00],[0b],[7a],[03],[fe],[20]
Tx:( 0) : [01] , [00], [00], [00], [00], [00], [00], [00]
Tx:( 0) : [02] , [00], [00], [00], [00], [00], [00], [00]
Rx: [01],[7b],[00],[0c],[7c],[f8],[0c],[15]
Tx:( 0) : [03] , [00], [00], [00], [00], [00], [00], [00]
Rx: [02],[0f],[00],[0c],[7a],[03],[fe],[20]
Tx:( 0) : [01] , [00], [00], [00], [00], [00], [00], [00]
Tx:( 0) : [02] , [00], [00], [00], [00], [00], [00], [00]
Tx:( 0) : [03] , [00], [00], [00], [00], [00], [00], [00]
Rx: [02],[11],[00],[0d],[7a],[04],[fe],[21]
Tx:( 0) : [01] , [00], [00], [00], [00], [00], [00], [00]
Tx:( 0) : [02] , [00], [00], [00], [00], [00], [00], [00]
Rx: [01],[7b],[00],[0d],[7c],[f8],[0d],[16]
Tx:( 0) : [03] , [00], [00], [00], [00], [00], [00], [00]
Tx:( 0) : [01] , [00], [00], [00], [00], [00], [00], [00]
Tx:( 0) : [02] , [00], [00], [00], [00], [00], [00], [00]
Rx: [01],[7b],[00],[0e],[7b],[f8],[0d],[17]
Tx:( 0) : [03] , [00], [00], [00], [00], [00], [00], [00]
Rx: [02],[10],[00],[0e],[79],[03],[fe],[23]
Tx:( 0) : [01] , [00], [00], [00], [00], [00], [00], [00]
Tx:( 0) : [02] , [00], [00], [00], [00], [00], [00], [00]
Tx:( 0) : [03] , [00], [00], [00], [00], [00], [00], [00]
Rx: [02],[0f],[00],[0f],[79],[03],[fe],[25]
Tx:( 0) : [01] , [00], [00], [00], [00], [00], [00], [00]
Tx:( 0) : [02] , [00], [00], [00], [00], [00], [00], [00]
Rx: [01],[7b],[00],[0f],[7b],[f8],[0d],[18]
Tx:( 0) : [03] , [00], [00], [00], [00], [00], [00], [00]
Rx: [02],[0f],[00],[10],[78],[03],[fe],[27]
Tx:( 0) : [01] , [00], [00], [00], [00], [00], [00], [00]
Tx:( 0) : [02] , [00], [00], [00], [00], [00], [00], [00]
Rx: [01],[7b],[00],[10],[7b],[f7],[0d],[19]
Tx:( 0) : [03] , [00], [00], [00], [00], [00], [00], [00]
Tx:( 0) : [01] , [00], [00], [00], [00], [00], [00], [00]
Tx:( 0) : [02] , [00], [00], [00], [00], [00], [00], [00]
Rx: [01],[7b],[00],[11],[7b],[f7],[0d],[1a]
Tx:( 0) : [03] , [00], [00], [00], [00], [00], [00], [00]
Rx: [02],[11],[00],[11],[78],[03],[fe],[28]
Tx:( 0) : [01] , [00], [00], [00], [00], [00], [00], [00]
Tx:( 0) : [02] , [00], [00], [00], [00], [00], [00], [00]
Tx:( 0) : [03] , [00], [00], [00], [00], [00], [00], [00]
Rx: [02],[11],[00],[12],[77],[03],[fe],[29]
Tx:( 0) : [01] , [00], [00], [00], [00], [00], [00], [00]
Tx:( 0) : [02] , [00], [00], [00], [00], [00], [00], [00]
Rx: [01],[7b],[00],[12],[7a],[f7],[0e],[1b]
Tx:( 0) : [03] , [00], [00], [00], [00], [00], [00], [00]
Tx:( 0) : [01] , [00], [00], [00], [00], [00], [00], [00]
Tx:( 0) : [02] , [00], [00], [00], [00], [00], [00], [00]
Rx: [01],[7b],[00],[13],[7a],[f7],[0e],[1c]
Tx:( 0) : [03] , [00], [00], [00], [00], [00], [00], [00]
Rx: [02],[0f],[00],[13],[77],[03],[fe],[2b]
Tx:( 0) : [01] , [00], [00], [00], [00], [00], [00], [00]
Tx:( 0) : [02] , [00], [00], [00], [00], [00], [00], [00]
Rx: [01],[7b],[00],[14],[7a],[f7],[0e],[1d]
Tx:( 0) : [03] , [00], [00], [00], [00], [00], [00], [00]
Rx: [02],[11],[00],[14],[76],[03],[fe],[2c]
Tx:( 0) : [01] , [00], [00], [00], [00], [00], [00], [00]
Tx:( 0) : [02] , [00], [00], [00], [00], [00], [00], [00]
Tx:( 0) : [03] , [00], [00], [00], [00], [00], [00], [00]
Rx: [02],[11],[00],[15],[76],[04],[fe],[2e]
Tx:( 0) : [01] , [00], [00], [00], [00], [00], [00], [00]
Tx:( 0) : [02] , [00], [00], [00], [00], [00], [00], [00]
Rx: [01],[7b],[00],[15],[79],[f7],[0e],[1e]
Tx:( 0) : [03] , [00], [00], [00], [00], [00], [00], [00]
Tx:( 0) : [01] , [00], [00], [00], [00], [00], [00], [00]
Tx:( 0) : [02] , [00], [00], [00], [00], [00], [00], [00]
Rx: [01],[7b],[00],[16],[79],[f7],[0e],[1f]
Tx:( 0) : [03] , [00], [00], [00], [00], [00], [00], [00]
Rx: [02],[10],[00],[16],[75],[04],[fe],[2e]
Tx:( 0) : [01] , [00], [00], [00], [00], [00], [00], [00]
Tx:( 0) : [02] , [00], [00], [00], [00], [00], [00], [00]
Tx:( 0) : [03] , [00], [00], [00], [00], [00], [00], [00]
Rx: [02],[0f],[00],[17],[75],[04],[fe],[30]
Tx:( 0) : [01] , [00], [00], [00], [00], [00], [00], [00]
Tx:( 0) : [02] , [00], [00], [00], [00], [00], [00], [00]
Rx: [01],[7b],[00],[17],[79],[f6],[0e],[21]
Tx:( 0) : [03] , [00], [00], [00], [00], [00], [00], [00]
Rx: [02],[11],[00],[18],[75],[04],[fe],[30]
Tx:( 0) : [01] , [00], [00], [00], [00], [00], [00], [00]
Tx:( 0) : [02] , [00], [00], [00], [00], [00], [00], [00]
Rx: [01],[7b],[00],[18],[79],[f6],[0e],[22]
Tx:( 0) : [03] , [00], [00], [00], [00], [00], [00], [00]
Tx:( 0) : [01] , [00], [00], [00], [00], [00], [00], [00]
Tx:( 0) : [02] , [00], [00], [00], [00], [00], [00], [00]
Rx: [01],[7b],[00],[19],[78],[f6],[0e],[23]
Tx:( 0) : [03] , [00], [00], [00], [00], [00], [00], [00]
Rx: [02],[11],[00],[19],[74],[04],[ff],[31]
Tx:( 0) : [01] , [00], [00], [00], [00], [00], [00], [00]
Tx:( 0) : [02] , [00], [00], [00], [00], [00], [00], [00]
Tx:( 0) : [03] , [00], [00], [00], [00], [00], [00], [00]
Rx: [02],[11],[00],[1a],[74],[04],[ff],[31]
Tx:( 0) : [01] , [00], [00], [00], [00], [00], [00], [00]
Tx:( 0) : [02] , [00], [00], [00], [00], [00], [00], [00]
Rx: [01],[7b],[00],[1a],[78],[f6],[0f],[24]
Tx:( 0) : [03] , [00], [00], [00], [00], [00], [00], [00]
Tx:( 0) : [01] , [00], [00], [00], [00], [00], [00], [00]
Tx:( 0) : [02] , [00], [00], [00], [00], [00], [00], [00]
Rx: [01],[7b],[00],[1b],[77],[f6],[0f],[25]
Tx:( 0) : [03] , [00], [00], [00], [00], [00], [00], [00]
Rx: [02],[0f],[00],[1b],[74],[04],[ff],[32]
Tx:( 0) : [01] , [00], [00], [00], [00], [00], [00], [00]
Tx:( 0) : [02] , [00], [00], [00], [00], [00], [00], [00]
Rx: [01],[7b],[00],[1c],[77],[f6],[0f],[26]
Tx:( 0) : [03] , [00], [00], [00], [00], [00], [00], [00]
Rx: [02],[0f],[00],[1c],[74],[03],[ff],[33]
Tx:( 0) : [01] , [00], [00], [00], [00], [00], [00], [00]
Tx:( 0) : [02] , [00], [00], [00], [00], [00], [00], [00]
Tx:( 0) : [03] , [00], [00], [00], [00], [00], [00], [00]
Rx: [02],[11],[00],[1d],[73],[03],[ff],[34]
Tx:( 0) : [01] , [00], [00], [00], [00], [00], [00], [00]
Tx:( 0) : [02] , [00], [00], [00], [00], [00], [00], [00]
Rx: [01],[7b],[00],[1d],[77],[f6],[0f],[27]
Tx:( 0) : [03] , [00], [00], [00], [00], [00], [00], [00]
Tx:( 0) : [01] , [00], [00], [00], [00], [00], [00], [00]
Tx:( 0) : [02] , [00], [00], [00], [00], [00], [00], [00]
Rx: [01],[7b],[00],[1e],[76],[f6],[0f],[28]
Tx:( 0) : [03] , [00], [00], [00], [00], [00], [00], [00]
Rx: [02],[0f],[00],[1e],[73],[03],[ff],[34]
Tx:( 0) : [01] , [00], [00], [00], [00], [00], [00], [00]
Tx:( 0) : [02] , [00], [00], [00], [00], [00], [00], [00]
Tx:( 0) : [03] , [00], [00], [00], [00], [00], [00], [00]
Rx: [02],[10],[00],[1f],[72],[04],[ff],[36]
Tx:( 0) : [01] , [00], [00], [00], [00], [00], [00], [00]
Tx:( 0) : [02] , [00], [00], [00], [00], [00], [00], [00]
Rx: [01],[7b],[00],[1f],[76],[f6],[0f],[2a]
Tx:( 0) : [03] , [00], [00], [00], [00], [00], [00], [00]
Rx: [02],[11],[00],[20],[72],[04],[ff],[37]
Tx:( 0) : [01] , [00], [00], [00], [00], [00], [00], [00]
Tx:( 0) : [02] , [00], [00], [00], [00], [00], [00], [00]
Rx: [01],[7b],[00],[20],[76],[f6],[0f],[2a]
Tx:( 0) : [03] , [00], [00], [00], [00], [00], [00], [00]
Tx:( 0) : [01] , [00], [00], [00], [00], [00], [00], [00]
Tx:( 0) : [02] , [00], [00], [00], [00], [00], [00], [00]
Rx: [01],[7b],[00],[21],[75],[f6],[0f],[2b]
Tx:( 0) : [03] , [00], [00], [00], [00], [00], [00], [00]
Rx: [02],[10],[00],[21],[72],[04],[ff],[37]
Tx:( 0) : [01] , [00], [00], [00], [00], [00], [00], [00]
Tx:( 0) : [02] , [00], [00], [00], [00], [00], [00], [00]
Tx:( 0) : [03] , [00], [00], [00], [00], [00], [00], [00]
Rx: [02],[0f],[00],[22],[71],[04],[ff],[39]
Tx:( 0) : [01] , [00], [00], [00], [00], [00], [00], [00]
Tx:( 0) : [02] , [00], [00], [00], [00], [00], [00], [00]
Rx: [01],[7b],[00],[22],[75],[f6],[0f],[2c]
Tx:( 0) : [03] , [00], [00], [00], [00], [00], [00], [00]
Tx:( 0) : [01] , [00], [00], [00], [00], [00], [00], [00]
Tx:( 0) : [02] , [00], [00], [00], [00], [00], [00], [00]
Rx: [01],[7b],[00],[23],[75],[f6],[0f],[2d]
Tx:( 0) : [03] , [00], [00], [00], [00], [00], [00], [00]
Rx: [02],[0f],[00],[23],[71],[04],[ff],[39]
Tx:( 0) : [01] , [00], [00], [00], [00], [00], [00], [00]
Tx:( 0) : [02] , [00], [00], [00], [00], [00], [00], [00]
Rx: [01],[7b],[00],[24],[74],[f6],[0f],[2e]
Tx:( 0) : [03] , [00], [00], [00], [00], [00], [00], [00]
Rx: [02],[0f],[00],[24],[70],[04],[ff],[3b]
Tx:( 0) : [01] , [00], [00], [00], [00], [00], [00], [00]
Tx:( 0) : [02] , [00], [00], [00], [00], [00], [00], [00]
Tx:( 0) : [03] , [00], [00], [00], [00], [00], [00], [00]
Rx: [02],[10],[00],[25],[6f],[04],[00],[3c]
Tx:( 0) : [01] , [00], [00], [00], [00], [00], [00], [00]
Tx:( 0) : [02] , [00], [00], [00], [00], [00], [00], [00]
Rx: [01],[7b],[00],[25],[74],[f6],[0e],[2f]
Tx:( 0) : [03] , [00], [00], [00], [00], [00], [00], [00]
Tx:( 0) : [01] , [00], [00], [00], [00], [00], [00], [00]
Tx:( 0) : [02] , [00], [00], [00], [00], [00], [00], [00]
Rx: [01],[7b],[00],[26],[74],[f6],[0e],[30]
Tx:( 0) : [03] , [00], [00], [00], [00], [00], [00], [00]
Rx: [02],[11],[00],[26],[6f],[03],[ff],[3c]
Tx:( 0) : [01] , [00], [00], [00], [00], [00], [00], [00]
Tx:( 0) : [02] , [00], [00], [00], [00], [00], [00], [00]
Tx:( 0) : [03] , [00], [00], [00], [00], [00], [00], [00]
Rx: [02],[10],[00],[27],[6e],[03],[ff],[3d]
Tx:( 0) : [01] , [00], [00], [00], [00], [00], [00], [00]
Tx:( 0) : [02] , [00], [00], [00], [00], [00], [00], [00]
Rx: [01],[7b],[00],[27],[73],[f6],[0e],[31]
Tx:( 0) : [03] , [00], [00], [00], [00], [00], [00], [00]
Rx: [02],[10],[00],[28],[6d],[03],[ff],[3f]
Tx:( 0) : [01] , [00], [00], [00], [00], [00], [00], [00]
Tx:( 0) : [02] , [00], [00], [00], [00], [00], [00], [00]
Rx: [01],[7b],[00],[28],[73],[f6],[0e],[32]
Tx:( 0) : [03] , [00], [00], [00], [00], [00], [00], [00]
Tx:( 0) : [01] , [00], [00], [00], [00], [00], [00], [00]
Tx:( 0) : [02] , [00], [00], [00], [00], [00], [00], [00]
Rx: [01],[7b],[00],[29],[72],[f6],[0e],[33]
Tx:( 0) : [03] , [00], [00], [00], [00], [00], [00], [00]
Rx: [02],[0f],[00],[29],[6d],[02],[ff],[3f]
Tx:( 0) : [01] , [00], [00], [00], [00], [00], [00], [00]
Tx:( 0) : [02] , [00], [00], [00], [00], [00], [00], [00]
Tx:( 0) : [03] , [00], [00], [00], [00], [00], [00], [00]
Rx: [02],[10],[00],[2a],[6d],[03],[ff],[40]
Tx:( 0) : [01] , [00], [00], [00], [00], [00], [00], [00]
Tx:( 0) : [02] , [00], [00], [00], [00], [00], [00], [00]
Rx: [01],[7b],[00],[2a],[72],[f6],[0e],[34]
Tx:( 0) : [03] , [00], [00], [00], [00], [00], [00], [00]
Rx: [02],[10],[00],[2b],[6d],[03],[fe],[40]
Tx:( 0) : [01] , [00], [00], [00], [00], [00], [00], [00]
Tx:( 0) : [02] , [00], [00], [00], [00], [00], [00], [00]
Rx: [01],[7b],[00],[2b],[72],[f7],[0e],[35]
Tx:( 0) : [03] , [00], [00], [00], [00], [00], [00], [00]
Tx:( 0) : [01] , [00], [00], [00], [00], [00], [00], [00]
Tx:( 0) : [02] , [00], [00], [00], [00], [00], [00], [00]
Rx: [01],[7b],[00],[2c],[71],[f7],[0e],[36]
Tx:( 0) : [03] , [00], [00], [00], [00], [00], [00], [00]
Rx: [02],[10],[00],[2c],[6d],[03],[fe],[40]
Tx:( 0) : [01] , [00], [00], [00], [00], [00], [00], [00]
Tx:( 0) : [02] , [00], [00], [00], [00], [00], [00], [00]
Tx:( 0) : [03] , [00], [00], [00], [00], [00], [00], [00]
Rx: [02],[11],[00],[2d],[6c],[02],[fe],[41]
Tx:( 0) : [01] , [00], [00], [00], [00], [00], [00], [00]
Tx:( 0) : [02] , [00], [00], [00], [00], [00], [00], [00]
Rx: [01],[7b],[00],[2d],[71],[f7],[0e],[36]
Tx:( 0) : [03] , [00], [00], [00], [00], [00], [00], [00]
Tx:( 0) : [01] , [00], [00], [00], [00], [00], [00], [00]
Tx:( 0) : [02] , [00], [00], [00], [00], [00], [00], [00]
Rx: [01],[7b],[00],[2e],[70],[f7],[0d],[37]
Tx:( 0) : [03] , [00], [00], [00], [00], [00], [00], [00]
Rx: [02],[10],[00],[2e],[6c],[02],[fe],[42]
Tx:( 0) : [01] , [00], [00], [00], [00], [00], [00], [00]
Tx:( 0) : [02] , [00], [00], [00], [00], [00], [00], [00]
Tx:( 0) : [03] , [00], [00], [00], [00], [00], [00], [00]
Rx: [02],[0e],[00],[2f],[6b],[02],[fe],[43]
Tx:( 0) : [01] , [00], [00], [00], [00], [00], [00], [00]
Tx:( 0) : [02] , [00], [00], [00], [00], [00], [00], [00]
Rx: [01],[7b],[00],[2f],[70],[f7],[0d],[38]
Tx:( 0) : [03] , [00], [00], [00], [00], [00], [00], [00]
Rx: [02],[11],[00],[30],[6a],[02],[fe],[44]
Tx:( 0) : [01] , [00], [00], [00], [00], [00], [00], [00]
Tx:( 0) : [02] , [00], [00], [00], [00], [00], [00], [00]
Rx: [01],[7c],[00],[30],[6f],[f7],[0d],[39]
Tx:( 0) : [03] , [00], [00], [00], [00], [00], [00], [00]
Tx:( 0) : [01] , [00], [00], [00], [00], [00], [00], [00]
Tx:( 0) : [02] , [00], [00], [00], [00], [00], [00], [00]
Rx: [01],[7c],[00],[31],[6f],[f7],[0d],[3a]
Tx:( 0) : [03] , [00], [00], [00], [00], [00], [00], [00]
Rx: [02],[0f],[00],[31],[6a],[02],[ff],[45]
Tx:( 0) : [01] , [00], [00], [00], [00], [00], [00], [00]
Tx:( 0) : [02] , [00], [00], [00], [00], [00], [00], [00]
Tx:( 0) : [03] , [00], [00], [00], [00], [00], [00], [00]
Rx: [02],[10],[00],[32],[69],[03],[ff],[46]
Tx:( 0) : [01] , [00], [00], [00], [00], [00], [00], [00]
Tx:( 0) : [02] , [00], [00], [00], [00], [00], [00], [00]
Rx: [01],[7b],[00],[32],[6e],[f7],[0d],[3b]
Tx:( 0) : [03] , [00], [00], [00], [00], [00], [00], [00]
Rx: [02],[10],[00],[33],[69],[02],[ff],[47]
Tx:( 0) : [01] , [00], [00], [00], [00], [00], [00], [00]
Tx:( 0) : [02] , [00], [00], [00], [00], [00], [00], [00]
Rx: [01],[7b],[00],[33],[6e],[f7],[0d],[3c]
Tx:( 0) : [03] , [00], [00], [00], [00], [00], [00], [00]
Tx:( 0) : [01] , [00], [00], [00], [00], [00], [00], [00]
Tx:( 0) : [02] , [00], [00], [00], [00], [00], [00], [00]
Rx: [01],[7b],[00],[34],[6e],[f8],[0d],[3d]
Tx:( 0) : [03] , [00], [00], [00], [00], [00], [00], [00]
Rx: [02],[0f],[00],[34],[68],[02],[ff],[47]
Tx:( 0) : [01] , [00], [00], [00], [00], [00], [00], [00]
Tx:( 0) : [02] , [00], [00], [00], [00], [00], [00], [00]
Tx:( 0) : [03] , [00], [00], [00], [00], [00], [00], [00]
Rx: [02],[11],[00],[35],[68],[02],[ff],[47]
Tx:( 0) : [01] , [00], [00], [00], [00], [00], [00], [00]
Tx:( 0) : [02] , [00], [00], [00], [00], [00], [00], [00]
Rx: [01],[7b],[00],[35],[6d],[f8],[0c],[3e]
Tx:( 0) : [03] , [00], [00], [00], [00], [00], [00], [00]
Tx:( 0) : [01] , [00], [00], [00], [00], [00], [00], [00]
Tx:( 0) : [02] , [00], [00], [00], [00], [00], [00], [00]
Rx: [01],[7b],[00],[36],[6d],[f8],[0c],[3e]
Tx:( 0) : [03] , [00], [00], [00], [00], [00], [00], [00]
Rx: [02],[0e],[00],[36],[68],[02],[ff],[48]
Tx:( 0) : [01] , [00], [00], [00], [00], [00], [00], [00]
Tx:( 0) : [02] , [00], [00], [00], [00], [00], [00], [00]
Tx:( 0) : [03] , [00], [00], [00], [00], [00], [00], [00]
Rx: [02],[0f],[00],[37],[68],[02],[ff],[47]
Tx:( 0) : [01] , [00], [00], [00], [00], [00], [00], [00]
Tx:( 0) : [02] , [00], [00], [00], [00], [00], [00], [00]
Rx: [01],[7b],[00],[37],[6c],[f8],[0c],[3f]
Tx:( 0) : [03] , [00], [00], [00], [00], [00], [00], [00]
Rx: [02],[10],[00],[38],[68],[02],[00],[48]
Tx:( 0) : [01] , [00], [00], [00], [00], [00], [00], [00]
Tx:( 0) : [02] , [00], [00], [00], [00], [00], [00], [00]
Rx: [01],[7b],[00],[38],[6c],[f8],[0c],[40]
Tx:( 0) : [03] , [00], [00], [00], [00], [00], [00], [00]
Tx:( 0) : [01] , [00], [00], [00], [00], [00], [00], [00]
Tx:( 0) : [02] , [00], [00], [00], [00], [00], [00], [00]
Rx: [01],[7b],[00],[39],[6b],[f8],[0c],[41]
Tx:( 0) : [03] , [00], [00], [00], [00], [00], [00], [00]
Rx: [02],[10],[00],[39],[67],[02],[00],[49]
Tx:( 0) : [01] , [00], [00], [00], [00], [00], [00], [00]
Tx:( 0) : [02] , [00], [00], [00], [00], [00], [00], [00]
Tx:( 0) : [03] , [00], [00], [00], [00], [00], [00], [00]
Rx: [02],[11],[00],[3a],[67],[02],[00],[49]
Tx:( 0) : [01] , [00], [00], [00], [00], [00], [00], [00]
Tx:( 0) : [02] , [00], [00], [00], [00], [00], [00], [00]
Rx: [01],[7b],[00],[3a],[6b],[f8],[0c],[42]
Tx:( 0) : [03] , [00], [00], [00], [00], [00], [00], [00]
Rx: [02],[0f],[00],[3b],[67],[02],[00],[4a]
Tx:( 0) : [01] , [00], [00], [00], [00], [00], [00], [00]
Tx:( 0) : [02] , [00], [00], [00], [00], [00], [00], [00]
Rx: [01],[7b],[00],[3b],[6a],[f8],[0c],[42]
Tx:( 0) : [03] , [00], [00], [00], [00], [00], [00], [00]
Tx:( 0) : [01] , [00], [00], [00], [00], [00], [00], [00]
Tx:( 0) : [02] , [00], [00], [00], [00], [00], [00], [00]
Rx: [01],[7b],[00],[3c],[6a],[f8],[0c],[43]
Tx:( 0) : [03] , [00], [00], [00], [00], [00], [00], [00]
Rx: [02],[10],[00],[3c],[66],[02],[00],[4b]
Tx:( 0) : [01] , [00], [00], [00], [00], [00], [00], [00]
Tx:( 0) : [02] , [00], [00], [00], [00], [00], [00], [00]
Tx:( 0) : [03] , [00], [00], [00], [00], [00], [00], [00]
Rx: [02],[0f],[00],[3d],[65],[02],[00],[4b]
Tx:( 0) : [01] , [00], [00], [00], [00], [00], [00], [00]
Tx:( 0) : [02] , [00], [00], [00], [00], [00], [00], [00]
Rx: [01],[7b],[00],[3d],[69],[f8],[0b],[44]
Tx:( 0) : [03] , [00], [00], [00], [00], [00], [00], [00]
Tx:( 0) : [01] , [00], [00], [00], [00], [00], [00], [00]
Tx:( 0) : [02] , [00], [00], [00], [00], [00], [00], [00]
Rx: [01],[7b],[00],[3e],[69],[f8],[0b],[45]
Tx:( 0) : [03] , [00], [00], [00], [00], [00], [00], [00]
Rx: [02],[0f],[00],[3e],[64],[02],[00],[4d]
Tx:( 0) : [01] , [00], [00], [00], [00], [00], [00], [00]
Tx:( 0) : [02] , [00], [00], [00], [00], [00], [00], [00]
Tx:( 0) : [03] , [00], [00], [00], [00], [00], [00], [00]
Rx: [02],[11],[00],[3f],[64],[02],[00],[4d]
Tx:( 0) : [01] , [00], [00], [00], [00], [00], [00], [00]
Tx:( 0) : [02] , [00], [00], [00], [00], [00], [00], [00]
Rx: [01],[7b],[00],[3f],[69],[f9],[0b],[45]
Tx:( 0) : [03] , [00], [00], [00], [00], [00], [00], [00]
Rx: [02],[0f],[00],[40],[63],[01],[00],[4e]
Tx:( 0) : [01] , [00], [00], [00], [00], [00], [00], [00]
Tx:( 0) : [02] , [00], [00], [00], [00], [00], [00], [00]
Rx: [01],[7b],[00],[40],[68],[f9],[0b],[46]
Tx:( 0) : [03] , [00], [00], [00], [00], [00], [00], [00]
Tx:( 0) : [01] , [00], [00], [00], [00], [00], [00], [00]
Tx:( 0) : [02] , [00], [00], [00], [00], [00], [00], [00]
Rx: [01],[7b],[00],[41],[68],[f9],[0b],[47]
Tx:( 0) : [03] , [00], [00], [00], [00], [00], [00], [00]
Rx: [02],[0f],[00],[41],[62],[01],[00],[4f]
Tx:( 0) : [01] , [00], [00], [00], [00], [00], [00], [00]
Tx:( 0) : [02] , [00], [00], [00], [00], [00], [00], [00]
Tx:( 0) : [03] , [00], [00], [00], [00], [00], [00], [00]
Rx: [02],[0f],[00],[42],[62],[01],[00],[4f]
Tx:( 0) : [01] , [00], [00], [00], [00], [00], [00], [00]
Tx:( 0) : [02] , [00], [00], [00], [00], [00], [00], [00]
Rx: [01],[7b],[00],[42],[67],[f9],[0b],[47]
Tx:( 0) : [03] , [00], [00], [00], [00], [00], [00], [00]
Rx: [02],[0e],[00],[43],[62],[00],[00],[50]
Tx:( 0) : [01] , [00], [00], [00], [00], [00], [00], [00]
Tx:( 0) : [02] , [00], [00], [00], [00], [00], [00], [00]
Rx: [01],[7b],[00],[43],[67],[f9],[0b],[48]
Tx:( 0) : [03] , [00], [00], [00], [00], [00], [00], [00]
Tx:( 0) : [01] , [00], [00], [00], [00], [00], [00], [00]
Tx:( 0) : [02] , [00], [00], [00], [00], [00], [00], [00]
Rx: [01],[7b],[00],[44],[66],[f9],[0b],[49]
Tx:( 0) : [03] , [00], [00], [00], [00], [00], [00], [00]
Rx: [02],[10],[00],[44],[61],[01],[00],[51]
Tx:( 0) : [01] , [00], [00], [00], [00], [00], [00], [00]
Tx:( 0) : [02] , [00], [00], [00], [00], [00], [00], [00]
Tx:( 0) : [03] , [00], [00], [00], [00], [00], [00], [00]
Rx: [02],[10],[00],[45],[61],[01],[00],[51]
Tx:( 0) : [01] , [00], [00], [00], [00], [00], [00], [00]
Tx:( 0) : [02] , [00], [00], [00], [00], [00], [00], [00]
Rx: [01],[7b],[00],[45],[66],[fa],[0a],[4a]
Tx:( 0) : [03] , [00], [00], [00], [00], [00], [00], [00]
Rx: [02],[0e],[00],[46],[61],[01],[00],[51]
Tx:( 0) : [01] , [00], [00], [00], [00], [00], [00], [00]
Tx:( 0) : [02] , [00], [00], [00], [00], [00], [00], [00]
Rx: [01],[7b],[00],[46],[65],[fa],[0a],[4a]
Tx:( 0) : [03] , [00], [00], [00], [00], [00], [00], [00]
Tx:( 0) : [01] , [00], [00], [00], [00], [00], [00], [00]
Tx:( 0) : [02] , [00], [00], [00], [00], [00], [00], [00]
Tx:( 0) : [03] , [00], [00], [00], [00], [00], [00], [00]
Rx: [02],[10],[00],[47],[61],[01],[00],[51]
Tx:( 0) : [01] , [00], [00], [00], [00], [00], [00], [00]
Tx:( 0) : [02] , [00], [00], [00], [00], [00], [00], [00]
Rx: [01],[7b],[00],[47],[65],[fa],[0a],[4b]
Tx:( 0) : [03] , [00], [00], [00], [00], [00], [00], [00]
