Tx:( 0) : [01] , [00], [00], [00], [00], [00], [00], [00]
Tx:( 0) : [02] , [00], [00], [00], [00], [00], [00], [00]
Tx:( 0) : [03] , [00], [00], [00], [00], [00], [00], [00]
Tx:( 0) : [01] , [00], [00], [00], [00], [00], [00], [00]
Tx:( 0) : [02] , [00], [00], [00], [00], [00], [00], [00]
Tx:( 0) : [03] , [00], [00], [00], [00], [00], [00], [00]
Tx:( 0) : [01] , [00], [00], [00], [00], [00], [00], [00]
Tx:( 0) : [02] , [00], [00], [00], [00], [00], [00], [00]
Rx: [01],[7b],[00],[01],[7e],[ff],[02],[0b]
Tx:( 0) : [03] , [00], [00], [00], [00], [00], [00], [00]
Tx:( 0) : [01] , [00], [00], [00], [00], [00], [00], [00]
Tx:( 0) : [02] , [00], [00], [00], [00], [00], [00], [00]
Tx:( 0) : [03] , [00], [00], [00], [00], [00], [00], [00]
Tx:( 0) : [01] , [00], [00], [00], [00], [00], [00], [00]
Tx:( 0) : [02] , [00], [00], [00], [00], [00], [00], [00]
Tx:( 0) : [03] , [00], [00], [00], [00], [00], [00], [00]
Tx:( 0) : [01] , [00], [00], [00], [00], [00], [00], [00]
Tx:( 0) : [02] , [00], [00], [00], [00], [00], [00], [00]
Tx:( 0) : [03] , [00], [00], [00], [00], [00], [00], [00]
Tx:( 0) : [01] , [00], [00], [00], [00], [00], [00], [00]
Tx:( 0) : [02] , [00], [00], [00], [00], [00], [00], [00]
Tx:( 0) : [03] , [00], [00], [00], [00], [00], [00], [00]
Tx:( 0) : [01] , [00], [00], [00], [00], [00], [00], [00]
Tx:( 0) : [02] , [00], [00], [00], [00], [00], [00], [00]
Tx:( 0) : [03] , [00], [00], [00], [00], [00], [00], [00]
Tx:( 0) : [01] , [00], [00], [00], [00], [00], [00], [00]
Tx:( 0) : [02] , [00], [00], [00], [00], [00], [00], [00]
Tx:( 0) : [03] , [00], [00], [00], [00], [00], [00], [00]
Tx:( 0) : [01] , [00], [00], [00], [00], [00], [00], [00]
Tx:( 0) : [02] , [00], [00], [00], [00], [00], [00], [00]
Tx:( 0) : [03] , [00], [00], [00], [00], [00], [00], [00]
Tx:( 0) : [01] , [00], [00], [00], [00], [00], [00], [00]
Tx:( 0) : [02] , [00], [00], [00], [00], [00], [00], [00]
Tx:( 0) : [03] , [00], [00], [00], [00], [00], [00], [00]
Tx:( 0) : [01] , [00], [00], [00], [00], [00], [00], [00]
Tx:( 0) : [02] , [00], [00], [00], [00], [00], [00], [00]
Tx:( 0) : [03] , [00], [00], [00], [00], [00], [00], [00]
Tx:( 0) : [01] , [00], [00], [00], [00], [00], [00], [00]
Tx:( 0) : [02] , [00], [00], [00], [00], [00], [00], [00]
Tx:( 0) : [03] , [00], [00], [00], [00], [00], [00], [00]
Tx:( 0) : [01] , [00], [00], [00], [00], [00], [00], [00]
Tx:( 0) : [02] , [00], [00], [00], [00], [00], [00], [00]
Tx:( 0) : [03] , [00], [00], [00], [00], [00], [00], [00]
Tx:( 0) : [01] , [00], [00], [00], [00], [00], [00], [00]
Tx:( 0) : [02] , [00], [00], [00], [00], [00], [00], [00]
Tx:( 0) : [03] , [00], [00], [00], [00], [00], [00], [00]
Tx:( 0) : [01] , [00], [00], [00], [00], [00], [00], [00]
Tx:( 0) : [02] , [00], [00], [00], [00], [00], [00], [00]
Tx:( 0) : [03] , [00], [00], [00], [00], [00], [00], [00]
Tx:( 0) : [01] , [00], [00], [00], [00], [00], [00], [00]
Tx:( 0) : [02] , [00], [00], [00], [00], [00], [00], [00]
Tx:( 0) : [03] , [00], [00], [00], [00], [00], [00], [00]
Tx:( 0) : [01] , [00], [00], [00], [00], [00], [00], [00]
Tx:( 0) : [02] , [00], [00], [00], [00], [00], [00], [00]
Tx:( 0) : [03] , [00], [00], [00], [00], [00], [00], [00]
Tx:( 0) : [01] , [00], [00], [00], [00], [00], [00], [00]
Tx:( 0) : [02] , [00], [00], [00], [00], [00], [00], [00]
Tx:( 0) : [03] , [00], [00], [00], [00], [00], [00], [00]
Tx:( 0) : [01] , [00], [00], [00], [00], [00], [00], [00]
Tx:( 0) : [02] , [00], [00], [00], [00], [00], [00], [00]
Tx:( 0) : [03] , [00], [00], [00], [00], [00], [00], [00]
Tx:( 0) : [01] , [00], [00], [00], [00], [00], [00], [00]
Tx:( 0) : [02] , [00], [00], [00], [00], [00], [00], [00]
Tx:( 0) : [03] , [00], [00], [00], [00], [00], [00], [00]
Tx:( 0) : [01] , [00], [00], [00], [00], [00], [00], [00]
Tx:( 0) : [02] , [00], [00], [00], [00], [00], [00], [00]
Tx:( 0) : [03] , [00], [00], [00], [00], [00], [00], [00]
Tx:( 0) : [01] , [00], [00], [00], [00], [00], [00], [00]
Tx:( 0) : [02] , [00], [00], [00], [00], [00], [00], [00]
Tx:( 0) : [03] , [00], [00], [00], [00], [00], [00], [00]
Tx:( 0) : [01] , [00], [00], [00], [00], [00], [00], [00]
Tx:( 0) : [02] , [00], [00], [00], [00], [00], [00], [00]
Tx:( 0) : [03] , [00], [00], [00], [00], [00], [00], [00]
Tx:( 0) : [01] , [00], [00], [00], [00], [00], [00], [00]
Tx:( 0) : [02] , [00], [00], [00], [00], [00], [00], [00]
Tx:( 0) : [03] , [00], [00], [00], [00], [00], [00], [00]
Tx:( 0) : [01] , [00], [00], [00], [00], [00], [00], [00]
Tx:( 0) : [02] , [00], [00], [00], [00], [00], [00], [00]
Tx:( 0) : [03] , [00], [00], [00], [00], [00], [00], [00]
Tx:( 0) : [01] , [00], [00], [00], [00], [00], [00], [00]
Tx:( 0) : [02] , [00], [00], [00], [00], [00], [00], [00]
Tx:( 0) : [03] , [00], [00], [00], [00], [00], [00], [00]
Tx:( 0) : [01] , [00], [00], [00], [00], [00], [00], [00]
Tx:( 0) : [02] , [00], [00], [00], [00], [00], [00], [00]
Tx:( 0) : [03] , [00], [00], [00], [00], [00], [00], [00]
Tx:( 0) : [01] , [00], [00], [00], [00], [00], [00], [00]
Tx:( 0) : [02] , [00], [00], [00], [00], [00], [00], [00]
Tx:( 0) : [03] , [00], [00], [00], [00], [00], [00], [00]
Tx:( 0) : [01] , [00], [00], [00], [00], [00], [00], [00]
Tx:( 0) : [02] , [00], [00], [00], [00], [00], [00], [00]
Tx:( 0) : [03] , [00], [00], [00], [00], [00], [00], [00]
Tx:( 0) : [01] , [00], [00], [00], [00], [00], [00], [00]
Tx:( 0) : [02] , [00], [00], [00], [00], [00], [00], [00]
Tx:( 0) : [03] , [00], [00], [00], [00], [00], [00], [00]
Tx:( 0) : [01] , [00], [00], [00], [00], [00], [00], [00]
Tx:( 0) : [02] , [00], [00], [00], [00], [00], [00], [00]
Tx:( 0) : [03] , [00], [00], [00], [00], [00], [00], [00]
Tx:( 0) : [01] , [00], [00], [00], [00], [00], [00], [00]
Tx:( 0) : [02] , [00], [00], [00], [00], [00], [00], [00]
Tx:( 0) : [03] , [00], [00], [00], [00], [00], [00], [00]
Tx:( 0) : [01] , [00], [00], [00], [00], [00], [00], [00]
Tx:( 0) : [02] , [00], [00], [00], [00], [00], [00], [00]
Tx:( 0) : [03] , [00], [00], [00], [00], [00], [00], [00]
Tx:( 0) : [01] , [00], [00], [00], [00], [00], [00], [00]
Tx:( 0) : [02] , [00], [00], [00], [00], [00], [00], [00]
Tx:( 0) : [03] , [00], [00], [00], [00], [00], [00], [00]
Tx:( 0) : [01] , [00], [00], [00], [00], [00], [00], [00]
Tx:( 0) : [02] , [00], [00], [00], [00], [00], [00], [00]
Tx:( 0) : [03] , [00], [00], [00], [00], [00], [00], [00]
Tx:( 0) : [01] , [00], [00], [00], [00], [00], [00], [00]
Tx:( 0) : [02] , [00], [00], [00], [00], [00], [00], [00]
Rx: [01],[7c],[00],[01],[7b],[fd],[05],[1b]
Tx:( 0) : [03] , [00], [00], [00], [00], [00], [00], [00]
Tx:( 0) : [01] , [00], [00], [00], [00], [00], [00], [00]
Tx:( 0) : [02] , [00], [00], [00], [00], [00], [00], [00]
Tx:( 0) : [03] , [00], [00], [00], [00], [00], [00], [00]
Tx:( 0) : [01] , [00], [00], [00], [00], [00], [00], [00]
Tx:( 0) : [02] , [00], [00], [00], [00], [00], [00], [00]
Tx:( 0) : [03] , [00], [00], [00], [00], [00], [00], [00]
Tx:( 0) : [01] , [00], [00], [00], [00], [00], [00], [00]
Tx:( 0) : [02] , [00], [00], [00], [00], [00], [00], [00]
Tx:( 0) : [03] , [00], [00], [00], [00], [00], [00], [00]
Tx:( 0) : [01] , [00], [00], [00], [00], [00], [00], [00]
Tx:( 0) : [02] , [00], [00], [00], [00], [00], [00], [00]
Tx:( 0) : [03] , [00], [00], [00], [00], [00], [00], [00]
Tx:( 0) : [01] , [00], [00], [00], [00], [00], [00], [00]
Tx:( 0) : [02] , [00], [00], [00], [00], [00], [00], [00]
Tx:( 0) : [03] , [00], [00], [00], [00], [00], [00], [00]
Tx:( 0) : [01] , [00], [00], [00], [00], [00], [00], [00]
Tx:( 0) : [02] , [00], [00], [00], [00], [00], [00], [00]
Tx:( 0) : [03] , [00], [00], [00], [00], [00], [00], [00]
Tx:( 0) : [01] , [00], [00], [00], [00], [00], [00], [00]
Tx:( 0) : [02] , [00], [00], [00], [00], [00], [00], [00]
Tx:( 0) : [03] , [00], [00], [00], [00], [00], [00], [00]
Tx:( 0) : [01] , [00], [00], [00], [00], [00], [00], [00]
Tx:( 0) : [02] , [00], [00], [00], [00], [00], [00], [00]
Tx:( 0) : [03] , [00], [00], [00], [00], [00], [00], [00]
Tx:( 0) : [01] , [00], [00], [00], [00], [00], [00], [00]
Tx:( 0) : [02] , [00], [00], [00], [00], [00], [00], [00]
Tx:( 0) : [03] , [00], [00], [00], [00], [00], [00], [00]
Tx:( 0) : [01] , [00], [00], [00], [00], [00], [00], [00]
Tx:( 0) : [02] , [00], [00], [00], [00], [00], [00], [00]
Tx:( 0) : [03] , [00], [00], [00], [00], [00], [00], [00]
Tx:( 0) : [01] , [00], [00], [00], [00], [00], [00], [00]
Tx:( 0) : [02] , [00], [00], [00], [00], [00], [00], [00]
Tx:( 0) : [03] , [00], [00], [00], [00], [00], [00], [00]
Tx:( 0) : [01] , [00], [00], [00], [00], [00], [00], [00]
Tx:( 0) : [02] , [00], [00], [00], [00], [00], [00], [00]
Tx:( 0) : [03] , [00], [00], [00], [00], [00], [00], [00]
Tx:( 0) : [01] , [00], [00], [00], [00], [00], [00], [00]
Tx:( 0) : [02] , [00], [00], [00], [00], [00], [00], [00]
Tx:( 0) : [03] , [00], [00], [00], [00], [00], [00], [00]
Tx:( 0) : [01] , [00], [00], [00], [00], [00], [00], [00]
Tx:( 0) : [02] , [00], [00], [00], [00], [00], [00], [00]
Tx:( 0) : [03] , [00], [00], [00], [00], [00], [00], [00]
Tx:( 0) : [01] , [00], [00], [00], [00], [00], [00], [00]
Tx:( 0) : [02] , [00], [00], [00], [00], [00], [00], [00]
Tx:( 0) : [03] , [00], [00], [00], [00], [00], [00], [00]
Tx:( 0) : [01] , [00], [00], [00], [00], [00], [00], [00]
Tx:( 0) : [02] , [00], [00], [00], [00], [00], [00], [00]
Tx:( 0) : [03] , [00], [00], [00], [00], [00], [00], [00]
Tx:( 0) : [01] , [00], [00], [00], [00], [00], [00], [00]
Tx:( 0) : [02] , [00], [00], [00], [00], [00], [00], [00]
Tx:( 0) : [03] , [00], [00], [00], [00], [00], [00], [00]
Tx:( 0) : [01] , [00], [00], [00], [00], [00], [00], [00]
Tx:( 0) : [02] , [00], [00], [00], [00], [00], [00], [00]
Tx:( 0) : [03] , [00], [00], [00], [00], [00], [00], [00]
Tx:( 0) : [01] , [00], [00], [00], [00], [00], [00], [00]
Tx:( 0) : [02] , [00], [00], [00], [00], [00], [00], [00]
Tx:( 0) : [03] , [00], [00], [00], [00], [00], [00], [00]
Tx:( 0) : [01] , [00], [00], [00], [00], [00], [00], [00]
Tx:( 0) : [02] , [00], [00], [00], [00], [00], [00], [00]
Tx:( 0) : [03] , [00], [00], [00], [00], [00], [00], [00]
Tx:( 0) : [01] , [00], [00], [00], [00], [00], [00], [00]
Tx:( 0) : [02] , [00], [00], [00], [00], [00], [00], [00]
Tx:( 0) : [03] , [00], [00], [00], [00], [00], [00], [00]
Tx:( 0) : [01] , [00], [00], [00], [00], [00], [00], [00]
Tx:( 0) : [02] , [00], [00], [00], [00], [00], [00], [00]
Tx:( 0) : [03] , [00], [00], [00], [00], [00], [00], [00]
Tx:( 0) : [01] , [00], [00], [00], [00], [00], [00], [00]
Tx:( 0) : [02] , [00], [00], [00], [00], [00], [00], [00]
Tx:( 0) : [03] , [00], [00], [00], [00], [00], [00], [00]
Tx:( 0) : [01] , [00], [00], [00], [00], [00], [00], [00]
Tx:( 0) : [02] , [00], [00], [00], [00], [00], [00], [00]
Tx:( 0) : [03] , [00], [00], [00], [00], [00], [00], [00]
Tx:( 0) : [01] , [00], [00], [00], [00], [00], [00], [00]
Tx:( 0) : [02] , [00], [00], [00], [00], [00], [00], [00]
Tx:( 0) : [03] , [00], [00], [00], [00], [00], [00], [00]
Tx:( 0) : [01] , [00], [00], [00], [00], [00], [00], [00]
Tx:( 0) : [02] , [00], [00], [00], [00], [00], [00], [00]
Tx:( 0) : [03] , [00], [00], [00], [00], [00], [00], [00]
Tx:( 0) : [01] , [00], [00], [00], [00], [00], [00], [00]
Tx:( 0) : [02] , [00], [00], [00], [00], [00], [00], [00]
Tx:( 0) : [03] , [00], [00], [00], [00], [00], [00], [00]
Tx:( 0) : [01] , [00], [00], [00], [00], [00], [00], [00]
Tx:( 0) : [02] , [00], [00], [00], [00], [00], [00], [00]
Tx:( 0) : [03] , [00], [00], [00], [00], [00], [00], [00]
Tx:( 0) : [01] , [00], [00], [00], [00], [00], [00], [00]
Tx:( 0) : [02] , [00], [00], [00], [00], [00], [00], [00]
Tx:( 0) : [03] , [00], [00], [00], [00], [00], [00], [00]
Tx:( 0) : [01] , [00], [00], [00], [00], [00], [00], [00]
Tx:( 0) : [02] , [00], [00], [00], [00], [00], [00], [00]
Tx:( 0) : [03] , [00], [00], [00], [00], [00], [00], [00]
Tx:( 0) : [01] , [00], [00], [00], [00], [00], [00], [00]
Tx:( 0) : [02] , [00], [00], [00], [00], [00], [00], [00]
Tx:( 0) : [03] , [00], [00], [00], [00], [00], [00], [00]
Tx:( 0) : [01] , [00], [00], [00], [00], [00], [00], [00]
Tx:( 0) : [02] , [00], [00], [00], [00], [00], [00], [00]
Tx:( 0) : [03] , [00], [00], [00], [00], [00], [00], [00]
Tx:( 0) : [01] , [00], [00], [00], [00], [00], [00], [00]
Tx:( 0) : [02] , [00], [00], [00], [00], [00], [00], [00]
Tx:( 0) : [03] , [00], [00], [00], [00], [00], [00], [00]
Tx:( 0) : [01] , [00], [00], [00], [00], [00], [00], [00]
Tx:( 0) : [02] , [00], [00], [00], [00], [00], [00], [00]
Rx: [01],[7c],[00],[01],[7e],[ff],[03],[0d]
Tx:( 0) : [03] , [00], [00], [00], [00], [00], [00], [00]
Tx:( 0) : [01] , [00], [00], [00], [00], [00], [00], [00]
Tx:( 0) : [02] , [00], [00], [00], [00], [00], [00], [00]
Tx:( 0) : [03] , [00], [00], [00], [00], [00], [00], [00]
Tx:( 0) : [01] , [00], [00], [00], [00], [00], [00], [00]
Tx:( 0) : [02] , [00], [00], [00], [00], [00], [00], [00]
Tx:( 0) : [03] , [00], [00], [00], [00], [00], [00], [00]
Tx:( 0) : [01] , [00], [00], [00], [00], [00], [00], [00]
Tx:( 0) : [02] , [00], [00], [00], [00], [00], [00], [00]
Tx:( 0) : [03] , [00], [00], [00], [00], [00], [00], [00]
Tx:( 0) : [01] , [00], [00], [00], [00], [00], [00], [00]
Tx:( 0) : [02] , [00], [00], [00], [00], [00], [00], [00]
Tx:( 0) : [03] , [00], [00], [00], [00], [00], [00], [00]
Tx:( 0) : [01] , [00], [00], [00], [00], [00], [00], [00]
Tx:( 0) : [02] , [00], [00], [00], [00], [00], [00], [00]
Tx:( 0) : [03] , [00], [00], [00], [00], [00], [00], [00]
Tx:( 0) : [01] , [00], [00], [00], [00], [00], [00], [00]
Tx:( 0) : [02] , [00], [00], [00], [00], [00], [00], [00]
Tx:( 0) : [03] , [00], [00], [00], [00], [00], [00], [00]
Tx:( 0) : [01] , [00], [00], [00], [00], [00], [00], [00]
Tx:( 0) : [02] , [00], [00], [00], [00], [00], [00], [00]
Tx:( 0) : [03] , [00], [00], [00], [00], [00], [00], [00]
Tx:( 0) : [01] , [00], [00], [00], [00], [00], [00], [00]
Tx:( 0) : [02] , [00], [00], [00], [00], [00], [00], [00]
Tx:( 0) : [03] , [00], [00], [00], [00], [00], [00], [00]
Tx:( 0) : [01] , [00], [00], [00], [00], [00], [00], [00]
Tx:( 0) : [02] , [00], [00], [00], [00], [00], [00], [00]
Tx:( 0) : [03] , [00], [00], [00], [00], [00], [00], [00]
Tx:( 0) : [01] , [00], [00], [00], [00], [00], [00], [00]
Tx:( 0) : [02] , [00], [00], [00], [00], [00], [00], [00]
Tx:( 0) : [03] , [00], [00], [00], [00], [00], [00], [00]
Tx:( 0) : [01] , [00], [00], [00], [00], [00], [00], [00]
Tx:( 0) : [02] , [00], [00], [00], [00], [00], [00], [00]
Tx:( 0) : [03] , [00], [00], [00], [00], [00], [00], [00]
Tx:( 0) : [01] , [00], [00], [00], [00], [00], [00], [00]
Tx:( 0) : [02] , [00], [00], [00], [00], [00], [00], [00]
Tx:( 0) : [03] , [00], [00], [00], [00], [00], [00], [00]
Tx:( 0) : [01] , [00], [00], [00], [00], [00], [00], [00]
Tx:( 0) : [02] , [00], [00], [00], [00], [00], [00], [00]
Tx:( 0) : [03] , [00], [00], [00], [00], [00], [00], [00]
Tx:( 0) : [01] , [00], [00], [00], [00], [00], [00], [00]
Tx:( 0) : [02] , [00], [00], [00], [00], [00], [00], [00]
Tx:( 0) : [03] , [00], [00], [00], [00], [00], [00], [00]
Tx:( 0) : [01] , [00], [00], [00], [00], [00], [00], [00]
Tx:( 0) : [02] , [00], [00], [00], [00], [00], [00], [00]
Tx:( 0) : [03] , [00], [00], [00], [00], [00], [00], [00]
Tx:( 0) : [01] , [00], [00], [00], [00], [00], [00], [00]
Tx:( 0) : [02] , [00], [00], [00], [00], [00], [00], [00]
Tx:( 0) : [03] , [00], [00], [00], [00], [00], [00], [00]
Tx:( 0) : [01] , [00], [00], [00], [00], [00], [00], [00]
Tx:( 0) : [02] , [00], [00], [00], [00], [00], [00], [00]
Tx:( 0) : [03] , [00], [00], [00], [00], [00], [00], [00]
Tx:( 0) : [01] , [00], [00], [00], [00], [00], [00], [00]
Tx:( 0) : [02] , [00], [00], [00], [00], [00], [00], [00]
Tx:( 0) : [03] , [00], [00], [00], [00], [00], [00], [00]
Tx:( 0) : [01] , [00], [00], [00], [00], [00], [00], [00]
Tx:( 0) : [02] , [00], [00], [00], [00], [00], [00], [00]
Tx:( 0) : [03] , [00], [00], [00], [00], [00], [00], [00]
Tx:( 0) : [01] , [00], [00], [00], [00], [00], [00], [00]
Tx:( 0) : [02] , [00], [00], [00], [00], [00], [00], [00]
Tx:( 0) : [03] , [00], [00], [00], [00], [00], [00], [00]
Tx:( 0) : [01] , [00], [00], [00], [00], [00], [00], [00]
Tx:( 0) : [02] , [00], [00], [00], [00], [00], [00], [00]
Tx:( 0) : [03] , [00], [00], [00], [00], [00], [00], [00]
Tx:( 0) : [01] , [00], [00], [00], [00], [00], [00], [00]
Tx:( 0) : [02] , [00], [00], [00], [00], [00], [00], [00]
Tx:( 0) : [03] , [00], [00], [00], [00], [00], [00], [00]
Tx:( 0) : [01] , [00], [00], [00], [00], [00], [00], [00]
Tx:( 0) : [02] , [00], [00], [00], [00], [00], [00], [00]
Tx:( 0) : [03] , [00], [00], [00], [00], [00], [00], [00]
Tx:( 0) : [01] , [00], [00], [00], [00], [00], [00], [00]
Tx:( 0) : [02] , [00], [00], [00], [00], [00], [00], [00]
Tx:( 0) : [03] , [00], [00], [00], [00], [00], [00], [00]
Tx:( 0) : [01] , [00], [00], [00], [00], [00], [00], [00]
Tx:( 0) : [02] , [00], [00], [00], [00], [00], [00], [00]
Tx:( 0) : [03] , [00], [00], [00], [00], [00], [00], [00]
Tx:( 0) : [01] , [00], [00], [00], [00], [00], [00], [00]
Tx:( 0) : [02] , [00], [00], [00], [00], [00], [00], [00]
Rx: [01],[7c],[00],[01],[77],[fd],[06],[29]
Tx:( 0) : [03] , [00], [00], [00], [00], [00], [00], [00]
Tx:( 0) : [01] , [00], [00], [00], [00], [00], [00], [00]
Tx:( 0) : [02] , [00], [00], [00], [00], [00], [00], [00]
Tx:( 0) : [03] , [00], [00], [00], [00], [00], [00], [00]
Tx:( 0) : [01] , [00], [00], [00], [00], [00], [00], [00]
Tx:( 0) : [02] , [00], [00], [00], [00], [00], [00], [00]
Tx:( 0) : [03] , [00], [00], [00], [00], [00], [00], [00]
Tx:( 0) : [01] , [00], [00], [00], [00], [00], [00], [00]
Tx:( 0) : [02] , [00], [00], [00], [00], [00], [00], [00]
Tx:( 0) : [03] , [00], [00], [00], [00], [00], [00], [00]
Tx:( 0) : [01] , [00], [00], [00], [00], [00], [00], [00]
Tx:( 0) : [02] , [00], [00], [00], [00], [00], [00], [00]
Tx:( 0) : [03] , [00], [00], [00], [00], [00], [00], [00]
Tx:( 0) : [01] , [00], [00], [00], [00], [00], [00], [00]
Tx:( 0) : [02] , [00], [00], [00], [00], [00], [00], [00]
Tx:( 0) : [03] , [00], [00], [00], [00], [00], [00], [00]
Tx:( 0) : [01] , [00], [00], [00], [00], [00], [00], [00]
Tx:( 0) : [02] , [00], [00], [00], [00], [00], [00], [00]
Tx:( 0) : [03] , [00], [00], [00], [00], [00], [00], [00]
Tx:( 0) : [01] , [00], [00], [00], [00], [00], [00], [00]
Tx:( 0) : [02] , [00], [00], [00], [00], [00], [00], [00]
Tx:( 0) : [03] , [00], [00], [00], [00], [00], [00], [00]
Tx:( 0) : [01] , [00], [00], [00], [00], [00], [00], [00]
Tx:( 0) : [02] , [00], [00], [00], [00], [00], [00], [00]
Tx:( 0) : [03] , [00], [00], [00], [00], [00], [00], [00]
Tx:( 0) : [01] , [00], [00], [00], [00], [00], [00], [00]
Tx:( 0) : [02] , [00], [00], [00], [00], [00], [00], [00]
Tx:( 0) : [03] , [00], [00], [00], [00], [00], [00], [00]
Tx:( 0) : [01] , [00], [00], [00], [00], [00], [00], [00]
Tx:( 0) : [02] , [00], [00], [00], [00], [00], [00], [00]
Tx:( 0) : [03] , [00], [00], [00], [00], [00], [00], [00]
Tx:( 0) : [01] , [00], [00], [00], [00], [00], [00], [00]
Tx:( 0) : [02] , [00], [00], [00], [00], [00], [00], [00]
Tx:( 0) : [03] , [00], [00], [00], [00], [00], [00], [00]
Tx:( 0) : [01] , [00], [00], [00], [00], [00], [00], [00]
Tx:( 0) : [02] , [00], [00], [00], [00], [00], [00], [00]
Tx:( 0) : [03] , [00], [00], [00], [00], [00], [00], [00]
Tx:( 0) : [01] , [00], [00], [00], [00], [00], [00], [00]
Tx:( 0) : [02] , [00], [00], [00], [00], [00], [00], [00]
Tx:( 0) : [03] , [00], [00], [00], [00], [00], [00], [00]
Tx:( 0) : [01] , [00], [00], [00], [00], [00], [00], [00]
Tx:( 0) : [02] , [00], [00], [00], [00], [00], [00], [00]
Tx:( 0) : [03] , [00], [00], [00], [00], [00], [00], [00]
Tx:( 0) : [01] , [00], [00], [00], [00], [00], [00], [00]
Tx:( 0) : [02] , [00], [00], [00], [00], [00], [00], [00]
Tx:( 0) : [03] , [00], [00], [00], [00], [00], [00], [00]
Tx:( 0) : [01] , [00], [00], [00], [00], [00], [00], [00]
Tx:( 0) : [02] , [00], [00], [00], [00], [00], [00], [00]
Tx:( 0) : [03] , [00], [00], [00], [00], [00], [00], [00]
Tx:( 0) : [01] , [00], [00], [00], [00], [00], [00], [00]
Tx:( 0) : [02] , [00], [00], [00], [00], [00], [00], [00]
Tx:( 0) : [03] , [00], [00], [00], [00], [00], [00], [00]
Tx:( 0) : [01] , [00], [00], [00], [00], [00], [00], [00]
Tx:( 0) : [02] , [00], [00], [00], [00], [00], [00], [00]
