Tx:( 0) : [01] , [00], [00], [00], [00], [00], [00], [00]
Tx:( 0) : [02] , [00], [00], [00], [00], [00], [00], [00]
Tx:( 0) : [03] , [00], [00], [00], [00], [00], [00], [00]
Tx:( 0) : [01] , [00], [00], [00], [00], [00], [00], [00]
Tx:( 0) : [02] , [00], [00], [00], [00], [00], [00], [00]
Rx: [01],[00],[00],[01],[7e],[ff],[03],[0b]
Tx:( 0) : [03] , [00], [00], [00], [00], [00], [00], [00]
Tx:( 0) : [01] , [00], [00], [00], [00], [00], [00], [00]
Tx:( 0) : [02] , [00], [00], [00], [00], [00], [00], [00]
Tx:( 0) : [03] , [00], [00], [00], [00], [00], [00], [00]
Tx:( 0) : [01] , [00], [00], [00], [00], [00], [00], [00]
Tx:( 0) : [02] , [00], [00], [00], [00], [00], [00], [00]
Tx:( 0) : [03] , [00], [00], [00], [00], [00], [00], [00]
Tx:( 0) : [01] , [00], [00], [00], [00], [00], [00], [00]
Tx:( 0) : [02] , [00], [00], [00], [00], [00], [00], [00]
Tx:( 0) : [03] , [00], [00], [00], [00], [00], [00], [00]
Tx:( 0) : [01] , [00], [00], [00], [00], [00], [00], [00]
Tx:( 0) : [02] , [00], [00], [00], [00], [00], [00], [00]
Tx:( 0) : [03] , [00], [00], [00], [00], [00], [00], [00]
Tx:( 0) : [01] , [00], [00], [00], [00], [00], [00], [00]
Tx:( 0) : [02] , [00], [00], [00], [00], [00], [00], [00]
Tx:( 0) : [03] , [00], [00], [00], [00], [00], [00], [00]
Tx:( 0) : [01] , [00], [00], [00], [00], [00], [00], [00]
Tx:( 0) : [02] , [00], [00], [00], [00], [00], [00], [00]
Tx:( 0) : [03] , [00], [00], [00], [00], [00], [00], [00]
Tx:( 0) : [01] , [00], [00], [00], [00], [00], [00], [00]
Tx:( 0) : [02] , [00], [00], [00], [00], [00], [00], [00]
Tx:( 0) : [03] , [00], [00], [00], [00], [00], [00], [00]
Tx:( 0) : [01] , [00], [00], [00], [00], [00], [00], [00]
Tx:( 0) : [02] , [00], [00], [00], [00], [00], [00], [00]
Tx:( 0) : [03] , [00], [00], [00], [00], [00], [00], [00]
Tx:( 0) : [01] , [00], [00], [00], [00], [00], [00], [00]
Tx:( 0) : [02] , [00], [00], [00], [00], [00], [00], [00]
Tx:( 0) : [03] , [00], [00], [00], [00], [00], [00], [00]
Tx:( 0) : [01] , [00], [00], [00], [00], [00], [00], [00]
Tx:( 0) : [02] , [00], [00], [00], [00], [00], [00], [00]
Tx:( 0) : [03] , [00], [00], [00], [00], [00], [00], [00]
Tx:( 0) : [01] , [00], [00], [00], [00], [00], [00], [00]
Tx:( 0) : [02] , [00], [00], [00], [00], [00], [00], [00]
Tx:( 0) : [03] , [00], [00], [00], [00], [00], [00], [00]
Tx:( 0) : [01] , [00], [00], [00], [00], [00], [00], [00]
Tx:( 0) : [02] , [00], [00], [00], [00], [00], [00], [00]
Tx:( 0) : [03] , [00], [00], [00], [00], [00], [00], [00]
Tx:( 0) : [01] , [00], [00], [00], [00], [00], [00], [00]
Tx:( 0) : [02] , [00], [00], [00], [00], [00], [00], [00]
Tx:( 0) : [03] , [00], [00], [00], [00], [00], [00], [00]
Tx:( 0) : [01] , [00], [00], [00], [00], [00], [00], [00]
Tx:( 0) : [02] , [00], [00], [00], [00], [00], [00], [00]
Tx:( 0) : [03] , [00], [00], [00], [00], [00], [00], [00]
Tx:( 0) : [01] , [00], [00], [00], [00], [00], [00], [00]
Tx:( 0) : [02] , [00], [00], [00], [00], [00], [00], [00]
Tx:( 0) : [03] , [00], [00], [00], [00], [00], [00], [00]
Tx:( 0) : [01] , [00], [00], [00], [00], [00], [00], [00]
Tx:( 0) : [02] , [00], [00], [00], [00], [00], [00], [00]
Tx:( 0) : [03] , [00], [00], [00], [00], [00], [00], [00]
Tx:( 0) : [01] , [00], [00], [00], [00], [00], [00], [00]
Tx:( 0) : [02] , [00], [00], [00], [00], [00], [00], [00]
Tx:( 0) : [03] , [00], [00], [00], [00], [00], [00], [00]
Tx:( 0) : [01] , [00], [00], [00], [00], [00], [00], [00]
Tx:( 0) : [02] , [00], [00], [00], [00], [00], [00], [00]
Tx:( 0) : [03] , [00], [00], [00], [00], [00], [00], [00]
Tx:( 0) : [01] , [00], [00], [00], [00], [00], [00], [00]
Tx:( 0) : [02] , [00], [00], [00], [00], [00], [00], [00]
Tx:( 0) : [03] , [00], [00], [00], [00], [00], [00], [00]
Tx:( 0) : [01] , [00], [00], [00], [00], [00], [00], [00]
Tx:( 0) : [02] , [00], [00], [00], [00], [00], [00], [00]
Tx:( 0) : [03] , [00], [00], [00], [00], [00], [00], [00]
Tx:( 0) : [01] , [00], [00], [00], [00], [00], [00], [00]
Tx:( 0) : [02] , [00], [00], [00], [00], [00], [00], [00]
Tx:( 0) : [03] , [00], [00], [00], [00], [00], [00], [00]
Tx:( 0) : [01] , [00], [00], [00], [00], [00], [00], [00]
Tx:( 0) : [02] , [00], [00], [00], [00], [00], [00], [00]
Tx:( 0) : [03] , [00], [00], [00], [00], [00], [00], [00]
Tx:( 0) : [01] , [00], [00], [00], [00], [00], [00], [00]
Tx:( 0) : [02] , [00], [00], [00], [00], [00], [00], [00]
Tx:( 0) : [03] , [00], [00], [00], [00], [00], [00], [00]
Tx:( 0) : [01] , [00], [00], [00], [00], [00], [00], [00]
Tx:( 0) : [02] , [00], [00], [00], [00], [00], [00], [00]
Tx:( 0) : [03] , [00], [00], [00], [00], [00], [00], [00]
Tx:( 0) : [01] , [00], [00], [00], [00], [00], [00], [00]
Tx:( 0) : [02] , [00], [00], [00], [00], [00], [00], [00]
Tx:( 0) : [03] , [00], [00], [00], [00], [00], [00], [00]
Tx:( 0) : [01] , [00], [00], [00], [00], [00], [00], [00]
Tx:( 0) : [02] , [00], [00], [00], [00], [00], [00], [00]
Tx:( 0) : [03] , [00], [00], [00], [00], [00], [00], [00]
Tx:( 0) : [01] , [00], [00], [00], [00], [00], [00], [00]
Tx:( 0) : [02] , [00], [00], [00], [00], [00], [00], [00]
Tx:( 0) : [03] , [00], [00], [00], [00], [00], [00], [00]
Tx:( 0) : [01] , [00], [00], [00], [00], [00], [00], [00]
Tx:( 0) : [02] , [00], [00], [00], [00], [00], [00], [00]
Tx:( 0) : [03] , [00], [00], [00], [00], [00], [00], [00]
Tx:( 0) : [01] , [00], [00], [00], [00], [00], [00], [00]
Tx:( 0) : [02] , [00], [00], [00], [00], [00], [00], [00]
Tx:( 0) : [03] , [00], [00], [00], [00], [00], [00], [00]
Tx:( 0) : [01] , [00], [00], [00], [00], [00], [00], [00]
Tx:( 0) : [02] , [00], [00], [00], [00], [00], [00], [00]
Tx:( 0) : [03] , [00], [00], [00], [00], [00], [00], [00]
Tx:( 0) : [01] , [00], [00], [00], [00], [00], [00], [00]
Tx:( 0) : [02] , [00], [00], [00], [00], [00], [00], [00]
Tx:( 0) : [03] , [00], [00], [00], [00], [00], [00], [00]
Tx:( 0) : [01] , [00], [00], [00], [00], [00], [00], [00]
Tx:( 0) : [02] , [00], [00], [00], [00], [00], [00], [00]
Tx:( 0) : [03] , [00], [00], [00], [00], [00], [00], [00]
Tx:( 0) : [01] , [00], [00], [00], [00], [00], [00], [00]
Tx:( 0) : [02] , [00], [00], [00], [00], [00], [00], [00]
Rx: [01],[00],[00],[01],[7d],[fe],[04],[13]
Tx:( 0) : [03] , [00], [00], [00], [00], [00], [00], [00]
Tx:( 0) : [01] , [00], [00], [00], [00], [00], [00], [00]
Tx:( 0) : [02] , [00], [00], [00], [00], [00], [00], [00]
Tx:( 0) : [03] , [00], [00], [00], [00], [00], [00], [00]
Tx:( 0) : [01] , [00], [00], [00], [00], [00], [00], [00]
Tx:( 0) : [02] , [00], [00], [00], [00], [00], [00], [00]
Tx:( 0) : [03] , [00], [00], [00], [00], [00], [00], [00]
Tx:( 0) : [01] , [00], [00], [00], [00], [00], [00], [00]
Tx:( 0) : [02] , [00], [00], [00], [00], [00], [00], [00]
Tx:( 0) : [03] , [00], [00], [00], [00], [00], [00], [00]
Tx:( 0) : [01] , [00], [00], [00], [00], [00], [00], [00]
Tx:( 0) : [02] , [00], [00], [00], [00], [00], [00], [00]
Tx:( 0) : [03] , [00], [00], [00], [00], [00], [00], [00]
Tx:( 0) : [01] , [00], [00], [00], [00], [00], [00], [00]
Tx:( 0) : [02] , [00], [00], [00], [00], [00], [00], [00]
Tx:( 0) : [03] , [00], [00], [00], [00], [00], [00], [00]
Tx:( 0) : [01] , [00], [00], [00], [00], [00], [00], [00]
Tx:( 0) : [02] , [00], [00], [00], [00], [00], [00], [00]
Tx:( 0) : [03] , [00], [00], [00], [00], [00], [00], [00]
Tx:( 0) : [01] , [00], [00], [00], [00], [00], [00], [00]
Tx:( 0) : [02] , [00], [00], [00], [00], [00], [00], [00]
Tx:( 0) : [03] , [00], [00], [00], [00], [00], [00], [00]
Tx:( 0) : [01] , [00], [00], [00], [00], [00], [00], [00]
Tx:( 0) : [02] , [00], [00], [00], [00], [00], [00], [00]
Tx:( 0) : [03] , [00], [00], [00], [00], [00], [00], [00]
Tx:( 0) : [01] , [00], [00], [00], [00], [00], [00], [00]
Tx:( 0) : [02] , [00], [00], [00], [00], [00], [00], [00]
Tx:( 0) : [03] , [00], [00], [00], [00], [00], [00], [00]
Tx:( 0) : [01] , [00], [00], [00], [00], [00], [00], [00]
Tx:( 0) : [02] , [00], [00], [00], [00], [00], [00], [00]
Tx:( 0) : [03] , [00], [00], [00], [00], [00], [00], [00]
Tx:( 0) : [01] , [00], [00], [00], [00], [00], [00], [00]
Tx:( 0) : [02] , [00], [00], [00], [00], [00], [00], [00]
Tx:( 0) : [03] , [00], [00], [00], [00], [00], [00], [00]
Tx:( 0) : [01] , [00], [00], [00], [00], [00], [00], [00]
Tx:( 0) : [02] , [00], [00], [00], [00], [