Tx:( 0) : [01] , [00], [00], [00], [00], [00], [00], [00]
Tx:( 0) : [02] , [00], [00], [00], [00], [00], [00], [00]
Tx:( 0) : [03] , [00], [00], [00], [00], [00], [00], [00]
Tx:( 0) : [01] , [00], [00], [00], [00], [00], [00], [00]
Tx:( 0) : [02] , [00], [00], [00], [00], [00], [00], [00]
Tx:( 0) : [03] , [00], [00], [00], [00], [00], [00], [00]
Rx: [02],[08],[00],[00],[6f],[05],[fe],[3c]
Tx:( 0) : [01] , [00], [00], [00], [00], [00], [00], [00]
Tx:( 0) : [02] , [00], [00], [00], [00], [00], [00], [00]
Tx:( 0) : [03] , [00], [00], [00], [00], [00], [00], [00]
Rx: [02],[07],[00],[01],[6e],[05],[fe],[3d]
Tx:( 0) : [01] , [00], [00], [00], [00], [00], [00], [00]
Tx:( 0) : [02] , [00], [00], [00], [00], [00], [00], [00]
Tx:( 0) : [03] , [00], [00], [00], [00], [00], [00], [00]
Rx: [02],[07],[00],[02],[6e],[05],[fe],[3e]
Tx:( 0) : [01] , [00], [00], [00], [00], [00], [00], [00]
Tx:( 0) : [02] , [00], [00], [00], [00], [00], [00], [00]
Tx:( 0) : [03] , [00], [00], [00], [00], [00], [00], [00]
Rx: [02],[08],[00],[03],[6e],[05],[fe],[3f]
Tx:( 0) : [01] , [00], [00], [00], [00], [00], [00], [00]
Tx:( 0) : [02] , [00], [00], [00], [00], [00], [00], [00]
Tx:( 0) : [03] , [00], [00], [00], [00], [00], [00], [00]
Rx: [02],[07],[00],[04],[6d],[04],[fe],[3f]
Tx:( 0) : [01] , [00], [00], [00], [00], [00], [00], [00]
Tx:( 0) : [02] , [00], [00], [00], [00], [00], [00], [00]
Tx:( 0) : [03] , [00], [00], [00], [00], [00], [00], [00]
Rx: [02],[05],[00],[05],[6d],[04],[fe],[40]
Tx:( 0) : [01] , [00], [00], [00], [00], [00], [00], [00]
Tx:( 0) : [02] , [00], [00], [00], [00], [00], [00], [00]
Tx:( 0) : [03] , [00], [00], [00], [00], [00], [00], [00]
Rx: [02],[06],[00],[06],[6c],[04],[fe],[41]
Tx:( 0) : [01] , [00], [00], [00], [00], [00], [00], [00]
Tx:( 0) : [02] , [00], [00], [00], [00], [00], [00], [00]
Tx:( 0) : [03] , [00], [00], [00], [00], [00], [00], [00]
Rx: [02],[06],[00],[07],[6c],[04],[ff],[41]
Tx:( 0) : [01] , [00], [00], [00], [00], [00], [00], [00]
Tx:( 0) : [02] , [00], [00], [00], [00], [00], [00], [00]
Tx:( 0) : [03] , [00], [00], [00], [00], [00], [00], [00]
Rx: [02],[05],[00],[08],[6c],[04],[ff],[42]
Tx:( 0) : [01] , [00], [00], [00], [00], [00], [00], [00]
Tx:( 0) : [02] , [00], [00], [00], [00], [00], [00], [00]
Tx:( 0) : [03] , [00], [00], [00], [00], [00], [00], [00]
Rx: [02],[06],[00],[09],[6b],[04],[ff],[42]
Tx:( 0) : [01] , [00], [00], [00], [00], [00], [00], [00]
Tx:( 0) : [02] , [00], [00], [00], [00], [00], [00], [00]
Tx:( 0) : [03] , [00], [00], [00], [00], [00], [00], [00]
Rx: [02],[04],[00],[0a],[6b],[04],[ff],[43]
Tx:( 0) : [01] , [00], [00], [00], [00], [00], [00], [00]
Tx:( 0) : [02] , [00], [00], [00], [00], [00], [00], [00]
Tx:( 0) : [03] , [00], [00], [00], [00], [00], [00], [00]
Rx: [02],[06],[00],[0b],[6b],[04],[ff],[44]
Tx:( 0) : [01] , [00], [00], [00], [00], [00], [00], [00]
Tx:( 0) : [02] , [00], [00], [00], [00], [00], [00], [00]
Tx:( 0) : [03] , [00], [00], [00], [00], [00], [00], [00]
Rx: [02],[06],[00],[0c],[6a],[04],[ff],[44]
Tx:( 0) : [01] , [00], [00], [00], [00], [00], [00], [00]
Tx:( 0) : [02] , [00], [00], [00], [00], [00], [00], [00]
Tx:( 0) : [03] , [00], [00], [00], [00], [00], [00], [00]
Rx: [02],[05],[00],[0d],[6a],[04],[ff],[45]
Tx:( 0) : [01] , [00], [00], [00], [00], [00], [00], [00]
Tx:( 0) : [02] , [00], [00], [00], [00], [00], [00], [00]
Tx:( 0) : [03] , [00], [00], [00], [00], [00], [00], [00]
Rx: [02],[04],[00],[0e],[69],[04],[ff],[45]
Tx:( 0) : [01] , [00], [00], [00], [00], [00], [00], [00]
Tx:( 0) : [02] , [00], [00], [00], [00], [00], [00], [00]
Tx:( 0) : [03] , [00], [00], [00], [00], [00], [00], [00]
Rx: [02],[05],[00],[0f],[69],[04],[ff],[46]
Tx:( 0) : [01] , [00], [00], [00], [00], [00], [00], [00]
Tx:( 0) : [02] , [00], [00], [00], [00], [00], [00], [00]
Tx:( 0) : [03] , [00], [00], [00], [00], [00], [00], [00]
Rx: [02],[04],[00],[10],[69],[04],[ff],[47]
Tx:( 0) : [01] , [00], [00], [00], [00], [00], [00], [00]
Tx:( 0) : [02] , [00], [00], [00], [00], [00], [00], [00]
Tx:( 0) : [03] , [00], [00], [00], [00], [00], [00], [00]
Rx: [02],[05],[00],[11],[68],[04],[ff],[47]
Tx:( 0) : [01] , [00], [00], [00], [00], [00], [00], [00]
Tx:( 0) : [02] , [00], [00], [00], [00], [00], [00], [00]
Tx:( 0) : [03] , [00], [00], [00], [00], [00], [00], [00]
Rx: [02],[05],[00],[12],[68],[04],[ff],[48]
Tx:( 0) : [01] , [00], [00], [00], [00], [00], [00], [00]
Tx:( 0) : [02] , [00], [00], [00], [00], [00], [00], [00]
Tx:( 0) : [03] , [00], [00], [00], [00], [00], [00], [00]
Rx: [02],[05],[00],[13],[68],[03],[ff],[48]
Tx:( 0) : [01] , [00], [00], [00], [00], [00], [00], [00]
Tx:( 0) : [02] , [00], [00], [00], [00], [00], [00], [00]
Tx:( 0) : [03] , [00], [00], [00], [00], [00], [00], [00]
Rx: [02],[05],[00],[14],[67],[03],[ff],[49]
Tx:( 0) : [01] , [00], [00], [00], [00], [00], [00], [00]
Tx:( 0) : [02] , [00], [00], [00], [00], [00], [00], [00]
Tx:( 0) : [03] , [00], [00], [00], [00], [00], [00], [00]
Rx: [02],[04],[00],[15],[67],[03],[ff],[49]
Tx:( 0) : [01] , [00], [00], [00], [00], [00], [00], [00]
Tx:( 0) : [02] , [00], [00], [00], [00], [00], [00], [00]
Tx:( 0) : [03] , [00], [00], [00], [00], [00], [00], [00]
Rx: [02],[06],[00],[16],[66],[03],[ff],[4a]
Tx:( 0) : [01] , [00], [00], [00], [00], [00], [00], [00]
Tx:( 0) : [02] , [00], [00], [00], [00], [00], [00], [00]
Tx:( 0) : [03] , [00], [00], [00], [00], [00], [00], [00]
Rx: [02],[04],[00],[17],[66],[03],[ff],[4a]
Tx:( 0) : [01] , [00], [00], [00], [00], [00], [00], [00]
Tx:( 0) : [02] , [00], [00], [00], [00], [00], [00], [00]
Tx:( 0) : [03] , [00], [00], [00], [00], [00], [00], [00]
Tx:( 0) : [01] , [00], [00], [00], [00], [00], [00], [00]
Tx:( 0) : [02] , [00], [00], [00], [00], [00], [00], [00]
Tx:( 0) : [03] , [00], [00], [00], [00], [00], [00], [00]
Rx: [02],[04],[00],[19],[65],[03],[ff],[4b]
Tx:( 0) : [01] , [00], [00], [00], [00], [00], [00], [00]
Tx:( 0) : [02] , [00], [00], [00], [00], [00], [00], [00]
Tx:( 0) : [03] , [00], [00], [00], [00], [00], [00], [00]
Rx: [02],[03],[00],[1a],[65],[03],[ff],[4c]
Tx:( 0) : [01] , [00], [00], [00], [00], [00], [00], [00]
